2934166
4715061
4750618
3741553
7129160
7219479
4140389
4171703
6930986
2762812
165303
6338614
4665443
1565138
1291091
2410810
1437179
3386289
829633
6580748
5725317
408731
208121
1762953
4603396
773760
840622
6884749
5134993
1012555
4193796
4015599
3064633
3690004
1581434
3436928
5436958
6659788
1299048
3242712
5715023
2735564
1926224
4289156
187740
1233981
4318656
4881776
3779447
5367154
5441967
7385493
791916
5747998
6304767
3408885
6121793
171238
4985550
4580488
5608429
7093817
2071052
3122146
3974323
2900469
4044820
1668357
2132577
6746523
4667719
7356195
7275938
5011937
3564643
4588898
2649892
724850
3435995
3647176
1448405
2093025
3675210
2307998
5428783
603296
7068346
6358220
2298758
2657640
4269482
1357686
3152488
5805761
8604
7069382
652923
3752778
2678073
6509184
2663905
1629228
304874
3187686
3661048
4458042
1917552
6935867
5190067
7422950
1375180
995121
5575369
472846
4049922
7085175
3992330
775836
6497149
6604028
506530
5912773
6303700
6212664
4913824
3980157
6965196
5983852
1389524
7383012
4354385
2772058
52999
3215975
4953775
2375354
621793
2290846
4922241
3470493
4695639
3415154
967832
1706417
2359746
3758517
6478353
3393872
4368223
1433999
2568518
6569411
338652
2107104
1775412
1152078
860088
2187088
1926135
6729872
2139732
313689
603081
4033567
3590221
3562228
4669948
6320504
6152198
57380
7095231
2598358
999706
4051706
6852120
2219698
4195104
344349
4847102
5771651
1931338
4659598
6455988
5619268
949761
3106021
19731
602818
5000732
6144803
1818076
3325838
3730340
1908391
1748487
2657294
6703638
1619669
441537
4592445
6767367
6393304
3832276
15654
6357559
3841004
392028
4502821
3157362
6476652
4177811
3612986
3652475
3641080
3290043
7363300
3114020
2881963
1347499
6805129
6522317
7357700
1048450
388063
51250
6018760
3216421
1562105
5052446
6281057
2841059
3887160
1392347
1629693
2400541
4718542
7012626
4056340
2955719
6319886
975244
6272430
4853045
224327
6775242
1677802
3388578
6364333
191777
527271
5667291
321420
1879653
6347084
4966036
3666417
3639836
1535664
7030660
7207826
2778436
2965531
5043057
7366450
1647153
5741450
1636060
1693293
910981
3410051
6388759
5365413
3109318
7445618
4233226
6380757
6228631
7172668
233012
1753122
5858288
1617401
5150157
4303587
6794072
4684154
500165
6348821
4318762
7331840
5430294
2359151
7327768
2985554
808686
1506948
2584640
4855511
7172089
1741031
4783545
6669139
1444466
633774
2227446
1097811
7297224
965578
3623044
5005805
2787813
6650280
3301242
4136927
36465
6408476
4201682
5496140
5637167
2423500
1270231
1386296
5695395
3644647
6997444
1573398
6377364
5729800
587741
2341462
7407562
1607569
4618928
4734474
5069297
7170397
937144
167233
2526534
678883
6133783
644612
5156223
5936561
3936040
6112753
4428318
3831493
6432238
6204935
939743
463138
2290550
3740074
7340137
6402776
4689515
6330690
2148040
2328443
7439140
3782523
4908106
3428137
5369822
1392421
2762825
2791264
100888
1533200
5202974
6108037
6663333
5053566
956331
7083556
2228927
3144107
323219
1265035
5073558
849587
1749150
1100391
144820
1725989
1298247
1242939
1014682
2961490
358891
6534534
7021469
6917205
750308
3168332
6971481
265234
6600690
4453800
886039
3453382
811880
6551897
2556569
5972121
442599
1171757
5591428
6224570
4593799
5949362
5678158
1362520
1690496
6695533
5898612
89730
5629522
2282922
4986052
1761851
2354408
5781362
4941040
5656749
2594457
2709434
4461767
2529961
3949491
5750905
3475365
4712208
2927117
5262246
7200215
720863
686443
1734240
3888393
3811685
2435874
4859330
2867026
5006766
6885508
4723543
3472589
750932
6857877
3092118
3898765
6525753
4349156
170271
1048005
4179127
3088530
544005
2050688
1749891
89885
2911488
3059821
2031971
3612085
3597242
1946204
6087796
3247074
702296
4740460
5917785
112562
2752389
6441301
2269435
3602047
2070205
1969088
2163073
1722757
5613869
4913998
866447
2642133
1488687
6334390
5485825
3039723
4154590
2248261
3666874
2296343
3010758
2943713
3010501
5852682
979622
6773972
6644917
5848007
820842
5773563
6550025
4777282
3285820
2422188
6422293
6503956
3420335
5388110
3708474
5588968
734630
2344351
5286746
2049177
6241556
5090032
4877456
1367175
822852
6467193
823945
2457753
1208646
1076561
495729
1328357
4990447
4407707
5801087
5346973
6252356
3492768
4884289
1735918
4344749
1734815
7250551
2456857
1208601
243127
6550024
1009001
2529040
6084956
66670
2565399
3616613
5243818
3541943
139841
5353076
3193041
2857218
7302915
2253097
86951
259988
2169259
1168918
4123410
680470
1305383
456308
4615696
3889129
2445720
3963216
6191012
6377973
6398348
7345608
3925292
7205419
5246386
3506959
5576398
1282603
2615128
205040
6845933
6317771
2796974
383076
5540818
3811121
4701147
2513624
4139272
5306968
1531066
1162083
3218092
6960017
4546492
512734
3097412
6444579
5068896
1199839
4330009
6290271
2264025
2134303
3472701
6874349
6354825
614263
3892118
5230959
6721940
357172
556945
3132684
4424431
31984
2551375
4081225
2632851
6264447
246311
3136758
5715776
6994805
5170091
2531919
3161314
1806090
7352260
894376
5941985
1814451
1964613
5773692
4198512
2876318
4463916
3017682
1325871
1058799
5735098
2377983
6390394
4305858
3035818
6926878
3435153
5291685
1582439
3258242
6831879
7115697
3430754
5417397
299122
2639646
4940319
6795358
1867623
5653466
461137
1990932
4009875
6840437
2541214
6049531
6942239
3274984
4265782
3400188
2999929
4753863
3280101
5398579
1890826
3136740
1408880
391141
5894946
5208468
2879039
4151420
2855783
180934
3413883
13184
1743326
5878114
3757163
479145
3168677
4494046
1786902
6414308
47630
1014583
5979211
4896664
879713
5196231
3484095
6905691
1276625
3875924
2340985
2518435
6350639
7325766
1277797
3558144
3448327
137662
921348
7131070
272460
1471956
4039250
4023289
4964988
7413604
3549195
4500809
5762404
657110
322972
4439487
4304610
305399
149528
1761634
2265942
5249392
5766792
7319760
6710008
3398643
1693280
2564525
941042
1435255
3765458
3474406
3031428
5134082
1919048
1717624
5495525
4174521
2795015
7295301
516513
6541498
6765167
7082733
2955940
6122359
3415959
79332
1872857
7210123
6658677
3483436
6830296
866746
5780967
3578888
5101545
3850057
1454408
1258280
5114184
208602
3889639
1480793
3108761
1498245
6685566
7107635
107391
1129202
5083069
7295772
4169318
4517514
2738236
284658
807176
3610476
3089584
7260735
6414251
7072351
6377371
3469589
7088634
5449622
6295333
7397584
3815656
2310859
6410520
4809250
1629076
2021808
3666216
4393316
5316439
3480009
1151473
6392288
4405233
1491603
5246182
611858
933231
4207436
1433753
4975737
2253924
5367410
3115104
4771916
7179865
3469116
3132146
2870096
662855
2957539
2329189
5497274
5524165
5537376
3254002
5033892
3885982
6342520
5708512
6725420
5020888
4023711
6810985
3249737
2112837
2183101
5685324
2197397
2746735
5131980
3419805
2211479
278487
161684
6356259
1911978
963569
2973527
4854844
2091737
1826364
2237526
2827944
2362923
5028969
2423155
2814147
92255
2287787
3718157
3196638
2494674
6683159
7109951
748718
5720155
793142
1882491
6964009
4962635
5551035
2921389
2738702
3920447
1888016
2808465
6231126
848146
6784297
13284
2926175
4813763
1759773
6610640
931366
3965152
2845664
3254958
7109368
1075457
644608
77509
6806938
5727926
4173947
1457445
6084735
7131191
7007669
3214908
5229101
2197230
7258602
5433406
4681010
3868454
6658366
6729217
536888
7368412
4357918
6198524
496891
3331086
5388453
4860095
940028
2859604
357124
4497463
4474823
1002598
5503166
2454296
2907070
517062
7330486
1953720
6399619
4403272
5853991
5026468
927033
3610273
5844839
6866134
270502
3121192
3986554
6560148
3683773
4360041
919194
4158913
6503702
1508660
7097223
1368014
4705453
2893964
6251205
7376280
186073
3358661
6219802
406045
4807246
5149551
953615
3821498
2665897
5998123
4285853
2588453
6025344
703308
193853
4813193
6292472
1440322
4358060
5954153
4934495
2516364
5822861
175028
991886
4690002
2889900
5267663
543725
7441274
1345146
5929070
1910847
2995305
2372092
7079592
