309465
341843
501699
584247
633731
957825
1223203
2367892
2372312
2381829
2444912
2455178
2466719
2472581
2478445
2499319
2501294
2585543
2599565
2600187
2816412
2816654
2839371
2850346
2880406
2899133
2904487
2904552
2924892
2926168
2946634
2973344
3016149
3039629
3136931
3156796
3210114
3216614
3380423
3401457
3405709
3412641
3414605
3423995
3428269
3437744
3447364
3464564
3470211
3470526
3472387
3472475
3518024
3524359
3541413
3545908
3547784
3566695
3579723
3599540
3608288
3613060
3613597
3613775
3615995
3619330
3621139
3624758
3631155
3634696
3641293
3643056
3643925
3645597
3652789
3652867
3655003
3655980
3656573
3657584
3661006
3683780
3687535
3692676
3694961
3695026
3700670
3704719
3721582
3722461
3726582
3730315
3737563
3738242
3740998
3741746
3743045
3744712
3745494
3757637
3759349
3761138
3761766
3768928
3771515
3775136
3779828
3785061
3786680
3786987
3788815
3797630
3805410
3809766
3811678
3820256
3829972
3841898
3849303
3850059
3856310
3857651
3860201
3860487
3860490
3863697
3865646
3868632
3868799
3869808
3873609
3874301
3876551
3877510
3881310
3886038
3886152
3886378
3890440
3890491
3892162
3911606
3911869
3913648
3913805
3920462
3926651
3938489
3940615
3944614
3947103
3951352
3954828
3962319
3964607
3966317
3977509
3977681
4001521
4008828
4016867
4017401
4018895
4024224
4030513
4031070
4036907
4038216
4040426
4054152
4059541
4061805
4069903
4069956
4077143
4077482
4082734
4084987
4085063
4085271
4096206
4102155
4111361
4116254
4117430
4123110
4124422
4124755
4127177
4128468
4130081
4130883
4130986
4131283
4133275
4133761
4134366
4134439
4134891
4137424
4138245
4139672
4140249
4148552
4149581
4151126
4153526
4156655
4163178
4168557
4170610
4175207
4176723
4181400
4183411
4183983
4184333
4189035
4189080
4198773
4200285
4203869
4204040
4204750
4207244
4209253
4210708
4211494
4212885
4212892
4215185
4221817
4222614
4226412
4227319
4227608
4234241
4238260
4239587
4241389
4243032
4255361
4255754
4257258
4260778
4261993
4262970
4271794
4271962
4273039
4280372
4283244
4296438
4299057
4306457
4307485
4318337
4325497
4326352
4333189
4334552
4337109
4341076
4346354
4363854
4370575
4370743
4371575
4374939
4375961
4381196
4383393
4384412
4390078
4390082
4390085
4390088
4390091
4390094
4390790
4392900
4393737
4394219
4395026
4400805
4401722
4403924
4403980
4420495
4423306
4423558
4425967
4435250
4435914
4439052
4440995
4441220
4442824
4447857
4451439
4453008
4458883
4459502
4468197
4468792
4470689
4472889
4479260
4479974
4481357
4481375
4483027
4484563
4486433
4489212
4489775
4493546
4498979
4503466
4505453
4514117
4522132
4525185
4538454
4539706
4540126
4540701
4542801
4543882
4544665
4544786
4545367
4545557
4545630
4545930
4546335
4546444
4546564
4546884
4546920
4546982
4547167
4547298
4547745
4547757
4547907
4548076
4548112
4548278
4548417
4549078
4549341
4549362
4549532
4549702
4549789
4549811
4550061
4550407
4550702
4550746
4551242
4551790
4551852
4552297
4552580
4552987
4553453
4553497
4553632
4553728
4553982
4554634
4554880
4554923
4554955
4554994
4555062
4555078
4555265
4555614
4555684
4556000
4556472
4556576
4556593
4556813
4557203
4557324
4557580
4557720
4557779
4557945
4557995
4558310
4559153
4559574
4559599
4559608
4559772
4559834
4560196
4560273
4560316
4560558
4560663
4560802
4560930
4561038
4561060
4561079
4561081
4561093
4561631
4561732
4561774
4561856
4562100
4562233
4562286
4562651
4563654
4563740
4563785
4563819
4563830
4563869
4564871
4565079
4565223
4565308
4565658
4566544
4566608
4567215
4567676
4568216
4568361
4568621
4568639
4568759
4568967
4569382
4569410
4569623
4569865
4570321
4571004
4571114
4571202
4571291
4571355
4571362
4571375
4571510
4571774
4571988
4572083
4572519
4572528
4572576
4572650
4572675
4572741
4572759
4572982
4573237
4573516
4573603
4573719
4573811
4574054
4574116
4574242
4574328
4574613
4574624
4574753
4574925
4574995
4575135
4575138
4575472
4575494
4575613
4575914
4576143
4576235
4576310
4576579
4576893
4577273
4577398
4577517
4577577
4577914
4578982
4579631
4579842
4579942
4580034
4580767
4580795
4581317
4582404
4582586
4582727
4583023
4584518
4584576
4585498
4585536
4586469
4587731
4588085
4588351
4590256
4590313
4590493
4591562
4592418
4593052
4593436
4593709
4594411
4594523
4594793
4595586
4595706
4595741
4595852
4596519
4597472
4598548
4598635
4598651
4598936
4598954
4599181
4599815
4600203
4600417
4600491
4601436
4602343
4602753
4606792
4607238
4607341
4609311
4609673
4610648
4611179
4611480
4612118
4612523
4612754
4613183
4613323
4613355
4613451
4614119
4615698
4616438
4616692
4617165
4621066
4621552
4624502
4625022
4626208
4627903
4628522
4629683
4629855
4630102
4630177
4631049
4632012
4637888
4645202
4646274
4646363
4648050
4648541
4648984
4651327
4659827
4662052
4665691
4666253
4667982
4668079
4676729
4679352
4685717
4688390
4692508
4698865
4705826
4712790
4715834
4720893
4737436
4743608
4744387
4747135
4749527
4756354
4761802
4763810
4765726
4765735
4772549
4782218
4783384
4796078
4796408
4797565
4817826
4828418
4829343
4832526
4833033
4833685
4834342
4834733
4835087
4848427
4855940
4856608
4871285
4871408
4873280
4873636
4875186
4875211
4875352
4891977
4897635
4898224
4919701
4920805
4929099
4935694
4938622
4943032
4944536
4953591
4961123
4961826
4969183
4972711
4973753
4974254
4974700
4974832
4975995
4976171
4978982
4995856
4996220
5001781
5014327
5025807
5036183
5041115
5044789
5048148
5049632
5050620
5051279
5051345
5051352
5056441
5057513
5057863
5058568
5060057
5062935
5064173
5065105
5065187
5073057
5082299
5128828
5134589
5134657
5141420
5141933
5146706
5149500
5156737
5194604
5204527
5205016
5229578
5235189
5259730
5270119
5278229
5320846
5401118
5412048
5426541
5433776
5437548
5444061
5478853
5482449
5496474
5511804
5541905
5554065
5559491
5559497
5567322
5589973
5596680
5622266
5632599
5646364
5700546
5703546
5721804
5727448
5734624
5736265
5740522
5743528
5751011
5758191
5770516
5775397
5779515
5782336
5783018
5783066
5783149
5792041
5801129
5804599
5869310
5900917
5910254
5928361
5928396
5931523
5932886
5935132
5939855
5963085
5977983
5993930
5997051
6027447
6028865
6046960
6051803
6068634
6087220
6094560
6095624
6098593
6110223
6115326
6130177
6130528
6131908
6136414
6136806
6137028
6143769
6160184
6204334
6206813
6208911
6209187
6209622
6212812
6214519
6218387
6218465
6219454
6225969
6228028
6229164
6246220
6251560
6252656
6253012
6255546
6258323
6258423
6262367
6262681
6264530
6265861
6267126
6270766
6295924
6296770
6300036
6314183
6317891
6318196
6328002
6328633
6329431
6340273
6341800
6342852
6350046
6351573
6352530
6353799
6354339
6354816
6358202
6358429
6360892
6362073
6362538
6363945
6366187
6366473
6368998
6371803
6374476
6375224
6376141
6378367
6386228
6386946
6387834
6387866
6388057
6388246
6388868
6389409
6390800
6392804
6393053
6394597
6396092
6403916
6407718
6408545
6408609
6408745
6409070
6409379
6409653
6409664
6409760
6410258
6410449
6410465
6410876
6411215
6411600
6411792
6411851
6412083
6412088
6412110
6412268
6412639
6413021
6413184
6413500
6413549
6414064
6414459
6414713
6415112
6415337
6415782
6416445
6419173
6419435
6419647
6420671
6421806
6422704
6423129
6423589
6424591
6424697
6425170
6425577
6426622
6427397
6428520
6428557
6430877
6432724
6434948
6435770
6439806
6440659
6443415
6444747
6445929
6447737
6448663
6451466
6452197
6452994
6455254
6458032
6468833
6469684
6469951
6470885
6472106
6472678
6472800
6473094
6474534
6475616
6475941
6476997
6479000
6482636
6482824
6489525
6492493
6493049
6494087
6496810
6496865
6499521
6500454
6505386
6511237
6511876
6512501
6518643
6521156
6521543
6522676
6531592
6544760
6545189
6558384
6562507
6575978
6579497
6581394
6581544
6586297
6593277
6595056
6604324
6604871
6608553
6639166
6682001
6689071
6696199
6696548
6701735
6703751
6704281
6719406
6736328
6762101
6764398
6772117
6776756
6777240
6777427
6777926
6779915
6794243
6797937
6800928
6803248
6819514
6827625
6831549
6831716
6838748
6852270
6863076
6863226
6874050
6877546
6887686
6888869
6917201
6939547
6958737
6962001
6965274
6971177
6972756
6973341
6984408
