309465 -1
341843 -1
501699 -1
584247 -1
633731 1
957825 -1
1223203 0
2367892 -1
2372312 -1
2381829 1
2444912 0
2455178 -1
2466719 0
2472581 -1
2478445 -1
2499319 0
2501294 0
2585543 0
2599565 0
2600187 -1
2816412 0
2816654 0
2839371 -1
2850346 0
2880406 1
2899133 -1
2904487 0
2904552 -1
2924892 0
2926168 0
2946634 0
2973344 -1
3016149 0
3039629 0
3136931 0
3156796 0
3210114 0
3216614 0
3380423 0
3401457 0
3405709 0
3412641 -1
3414605 -1
3423995 1
3428269 0
3437744 0
3447364 0
3464564 -1
3470211 0
3470526 0
3472387 0
3472475 0
3518024 -1
3524359 0
3541413 -1
3545908 -1
3547784 -1
3566695 0
3579723 0
3599540 -1
3608288 0
3613060 -1
3613597 -1
3613775 -1
3615995 0
3619330 0
3621139 -1
3624758 -1
3631155 -1
3634696 0
3641293 -1
3643056 0
3643925 0
3645597 -1
3652789 -1
3652867 0
3655003 0
3655980 0
3656573 -1
3657584 -1
3661006 0
3683780 0
3687535 1
3692676 0
3694961 -1
3695026 0
3700670 0
3704719 -1
3721582 -1
3722461 -1
3726582 0
3730315 -1
3737563 0
3738242 -1
3740998 -1
3741746 -1
3743045 0
3744712 0
3745494 0
3757637 1
3759349 0
3761138 -1
3761766 0
3768928 -1
3771515 -1
3775136 -1
3779828 -1
3785061 0
3786680 0
3786987 -1
3788815 -1
3797630 0
3805410 -1
3809766 0
3811678 0
3820256 -1
3829972 -1
3841898 0
3849303 0
3850059 0
3856310 -1
3857651 0
3860201 -1
3860487 -1
3860490 0
3863697 0
3865646 0
3868632 0
3868799 0
3869808 0
3873609 0
3874301 -1
3876551 -1
3877510 1
3881310 0
3886038 0
3886152 0
3886378 0
3890440 0
3890491 -1
3892162 1
3911606 0
3911869 0
3913648 0
3913805 0
3920462 0
3926651 0
3938489 0
3940615 -1
3944614 0
3947103 -1
3951352 0
3954828 -1
3962319 1
3964607 -1
3966317 -1
3977509 0
3977681 0
4001521 0
4008828 0
4016867 -1
4017401 0
4018895 0
4024224 0
4030513 0
4031070 0
4036907 0
4038216 -1
4040426 1
4054152 -1
4059541 -1
4061805 0
4069903 0
4069956 0
4077143 -1
4077482 0
4082734 1
4084987 0
4085063 -1
4085271 -1
4096206 0
4102155 0
4111361 0
4116254 0
4117430 -1
4123110 0
4124422 -1
4124755 0
4127177 -1
4128468 -1
4130081 0
4130883 -1
4130986 0
4131283 -1
4133275 -1
4133761 -1
4134366 0
4134439 -1
4134891 0
4137424 0
4138245 0
4139672 0
4140249 -1
4148552 0
4149581 -1
4151126 0
4153526 0
4156655 -1
4163178 0
4168557 0
4170610 0
4175207 -1
4176723 0
4181400 1
4183411 -1
4183983 -1
4184333 -1
4189035 0
4189080 -1
4198773 1
4200285 -1
4203869 0
4204040 0
4204750 0
4207244 -1
4209253 -1
4210708 1
4211494 -1
4212885 0
4212892 -1
4215185 1
4221817 0
4222614 0
4226412 1
4227319 1
4227608 -1
4234241 0
4238260 -1
4239587 0
4241389 0
4243032 0
4255361 0
4255754 0
4257258 0
4260778 0
4261993 0
4262970 0
4271794 1
4271962 0
4273039 0
4280372 -1
4283244 0
4296438 0
4299057 0
4306457 -1
4307485 0
4318337 0
4325497 0
4326352 0
4333189 0
4334552 -1
4337109 -1
4341076 0
4346354 0
4363854 0
4370575 -1
4370743 -1
4371575 -1
4374939 0
4375961 -1
4381196 0
4383393 0
4384412 0
4390078 0
4390082 0
4390085 0
4390088 0
4390091 0
4390094 0
4390790 0
4392900 0
4393737 0
4394219 0
4395026 0
4400805 0
4401722 -1
4403924 -1
4403980 0
4420495 -1
4423306 0
4423558 0
4425967 0
4435250 -1
4435914 0
4439052 0
4440995 1
4441220 -1
4442824 0
4447857 0
4451439 -1
4453008 -1
4458883 0
4459502 0
4468197 0
4468792 -1
4470689 0
4472889 -1
4479260 1
4479974 -1
4481357 0
4481375 -1
4483027 -1
4484563 0
4486433 -1
4489212 -1
4489775 1
4493546 -1
4498979 -1
4503466 0
4505453 0
4514117 0
4522132 -1
4525185 -1
4538454 -1
4539706 0
4540126 0
4540701 0
4542801 -1
4543882 -1
4544665 -1
4544786 0
4545367 0
4545557 -1
4545630 -1
4545930 0
4546335 0
4546444 0
4546564 -1
4546884 0
4546920 -1
4546982 1
4547167 -1
4547298 -1
4547745 0
4547757 0
4547907 0
4548076 0
4548112 0
4548278 0
4548417 0
4549078 -1
4549341 0
4549362 0
4549532 1
4549702 0
4549789 0
4549811 -1
4550061 0
4550407 0
4550702 0
4550746 0
4551242 0
4551790 -1
4551852 0
4552297 -1
4552580 0
4552987 -1
4553453 1
4553497 1
4553632 0
4553728 1
4553982 0
4554634 0
4554880 0
4554923 -1
4554955 -1
4554994 0
4555062 0
4555078 -1
4555265 0
4555614 0
4555684 1
4556000 -1
4556472 0
4556576 0
4556593 1
4556813 0
4557203 -1
4557324 0
4557580 0
4557720 -1
4557779 -1
4557945 -1
4557995 1
4558310 0
4559153 0
4559574 -1
4559599 0
4559608 0
4559772 -1
4559834 0
4560196 1
4560273 1
4560316 -1
4560558 -1
4560663 -1
4560802 -1
4560930 -1
4561038 0
4561060 0
4561079 0
4561081 0
4561093 0
4561631 0
4561732 0
4561774 1
4561856 -1
4562100 0
4562233 -1
4562286 -1
4562651 0
4563654 -1
4563740 -1
4563785 -1
4563819 0
4563830 0
4563869 0
4564871 0
4565079 0
4565223 0
4565308 -1
4565658 -1
4566544 1
4566608 -1
4567215 0
4567676 0
4568216 0
4568361 0
4568621 0
4568639 0
4568759 -1
4568967 0
4569382 0
4569410 0
4569623 0
4569865 0
4570321 1
4571004 -1
4571114 0
4571202 1
4571291 -1
4571355 0
4571362 0
4571375 0
4571510 0
4571774 0
4571988 0
4572083 1
4572519 0
4572528 0
4572576 -1
4572650 0
4572675 0
4572741 -1
4572759 1
4572982 0
4573237 0
4573516 0
4573603 1
4573719 -1
4573811 1
4574054 0
4574116 -1
4574242 0
4574328 0
4574613 -1
4574624 -1
4574753 -1
4574925 -1
4574995 1
4575135 -1
4575138 0
4575472 0
4575494 0
4575613 -1
4575914 0
4576143 0
4576235 0
4576310 1
4576579 0
4576893 -1
4577273 -1
4577398 0
4577517 -1
4577577 -1
4577914 0
4578982 -1
4579631 -1
4579842 0
4579942 -1
4580034 1
4580767 0
4580795 -1
4581317 0
4582404 0
4582586 0
4582727 0
4583023 0
4584518 0
4584576 0
4585498 1
4585536 1
4586469 0
4587731 0
4588085 0
4588351 0
4590256 0
4590313 0
4590493 0
4591562 0
4592418 0
4593052 0
4593436 0
4593709 0
4594411 -1
4594523 -1
4594793 0
4595586 1
4595706 0
4595741 -1
4595852 1
4596519 0
4597472 0
4598548 0
4598635 0
4598651 1
4598936 -1
4598954 -1
4599181 0
4599815 0
4600203 0
4600417 -1
4600491 0
4601436 -1
4602343 0
4602753 -1
4606792 0
4607238 0
4607341 0
4609311 0
4609673 0
4610648 0
4611179 0
4611480 0
4612118 0
4612523 0
4612754 0
4613183 0
4613323 0
4613355 0
4613451 0
4614119 0
4615698 -1
4616438 -1
4616692 -1
4617165 -1
4621066 0
4621552 -1
4624502 0
4625022 0
4626208 1
4627903 -1
4628522 0
4629683 0
4629855 0
4630102 1
4630177 0
4631049 0
4632012 0
4637888 0
4645202 0
4646274 0
4646363 -1
4648050 0
4648541 0
4648984 0
4651327 0
4659827 -1
4662052 -1
4665691 0
4666253 -1
4667982 -1
4668079 0
4676729 -1
4679352 0
4685717 0
4688390 -1
4692508 -1
4698865 0
4705826 0
4712790 0
4715834 0
4720893 1
4737436 0
4743608 0
4744387 0
4747135 0
4749527 1
4756354 0
4761802 -1
4763810 0
4765726 1
4765735 0
4772549 -1
4782218 -1
4783384 -1
4796078 -1
4796408 0
4797565 0
4817826 0
4828418 0
4829343 -1
4832526 1
4833033 0
4833685 1
4834342 1
4834733 1
4835087 -1
4848427 -1
4855940 1
4856608 0
4871285 0
4871408 1
4873280 0
4873636 1
4875186 1
4875211 0
4875352 0
4891977 -1
4897635 0
4898224 0
4919701 -1
4920805 0
4929099 0
4935694 0
4938622 -1
4943032 0
4944536 0
4953591 -1
4961123 0
4961826 0
4969183 0
4972711 0
4973753 0
4974254 0
4974700 0
4974832 0
4975995 0
4976171 0
4978982 0
4995856 -1
4996220 1
5001781 0
5014327 1
5025807 -1
5036183 0
5041115 0
5044789 1
5048148 0
5049632 -1
5050620 0
5051279 0
5051345 -1
5051352 0
5056441 0
5057513 0
5057863 1
5058568 1
5060057 0
5062935 0
5064173 -1
5065105 -1
5065187 0
5073057 0
5082299 0
5128828 0
5134589 0
5134657 1
5141420 0
5141933 0
5146706 0
5149500 0
5156737 1
5194604 1
5204527 -1
5205016 -1
5229578 -1
5235189 0
5259730 0
5270119 0
5278229 0
5320846 0
5401118 1
5412048 -1
5426541 0
5433776 0
5437548 0
5444061 0
5478853 -1
5482449 0
5496474 0
5511804 0
5541905 -1
5554065 0
5559491 0
5559497 -1
5567322 1
5589973 -1
5596680 0
5622266 0
5632599 1
5646364 0
5700546 0
5703546 0
5721804 0
5727448 1
5734624 1
5736265 0
5740522 1
5743528 -1
5751011 -1
5758191 -1
5770516 -1
5775397 -1
5779515 -1
5782336 0
5783018 0
5783066 0
5783149 0
5792041 0
5801129 0
5804599 -1
5869310 0
5900917 0
5910254 -1
5928361 0
5928396 -1
5931523 1
5932886 0
5935132 1
5939855 0
5963085 -1
5977983 0
5993930 -1
5997051 -1
6027447 -1
6028865 0
6046960 -1
6051803 1
6068634 0
6087220 0
6094560 0
6095624 0
6098593 1
6110223 -1
6115326 0
6130177 -1
6130528 -1
6131908 0
6136414 -1
6136806 -1
6137028 -1
6143769 0
6160184 0
6204334 0
6206813 0
6208911 0
6209187 -1
6209622 0
6212812 1
6214519 0
6218387 1
6218465 0
6219454 0
6225969 1
6228028 0
6229164 0
6246220 0
6251560 -1
6252656 0
6253012 -1
6255546 0
6258323 -1
6258423 1
6262367 0
6262681 0
6264530 0
6265861 0
6267126 0
6270766 0
6295924 1
6296770 0
6300036 1
6314183 1
6317891 0
6318196 0
6328002 0
6328633 0
6329431 0
6340273 0
6341800 0
6342852 0
6350046 -1
6351573 -1
6352530 -1
6353799 0
6354339 1
6354816 -1
6358202 0
6358429 0
6360892 0
6362073 1
6362538 0
6363945 0
6366187 0
6366473 0
6368998 0
6371803 0
6374476 -1
6375224 0
6376141 -1
6378367 0
6386228 1
6386946 0
6387834 -1
6387866 0
6388057 -1
6388246 -1
6388868 -1
6389409 -1
6390800 0
6392804 0
6393053 0
6394597 0
6396092 1
6403916 0
6407718 0
6408545 1
6408609 0
6408745 1
6409070 -1
6409379 0
6409653 1
6409664 1
6409760 0
6410258 0
6410449 0
6410465 0
6410876 1
6411215 0
6411600 -1
6411792 -1
6411851 1
6412083 0
6412088 1
6412110 0
6412268 -1
6412639 -1
6413021 0
6413184 -1
6413500 -1
6413549 0
6414064 -1
6414459 0
6414713 1
6415112 1
6415337 0
6415782 0
6416445 -1
6419173 0
6419435 1
6419647 0
6420671 1
6421806 1
6422704 0
6423129 0
6423589 1
6424591 -1
6424697 0
6425170 -1
6425577 0
6426622 -1
6427397 -1
6428520 -1
6428557 0
6430877 1
6432724 1
6434948 0
6435770 -1
6439806 0
6440659 0
6443415 0
6444747 0
6445929 -1
6447737 0
6448663 1
6451466 0
6452197 0
6452994 0
6455254 0
6458032 0
6468833 0
6469684 0
6469951 0
6470885 0
6472106 0
6472678 -1
6472800 -1
6473094 -1
6474534 0
6475616 0
6475941 1
6476997 1
6479000 0
6482636 -1
6482824 1
6489525 0
6492493 -1
6493049 0
6494087 0
6496810 -1
6496865 0
6499521 0
6500454 0
6505386 0
6511237 0
6511876 1
6512501 0
6518643 -1
6521156 0
6521543 1
6522676 0
6531592 1
6544760 0
6545189 0
6558384 -1
6562507 0
6575978 0
6579497 -1
6581394 1
6581544 0
6586297 0
6593277 -1
6595056 -1
6604324 0
6604871 -1
6608553 0
6639166 0
6682001 0
6689071 0
6696199 -1
6696548 0
6701735 0
6703751 0
6704281 0
6719406 0
6736328 1
6762101 0
6764398 0
6772117 -1
6776756 0
6777240 -1
6777427 0
6777926 0
6779915 0
6794243 0
6797937 0
6800928 0
6803248 0
6819514 -1
6827625 0
6831549 0
6831716 1
6838748 -1
6852270 0
6863076 -1
6863226 -1
6874050 0
6877546 0
6887686 -1
6888869 0
6917201 0
6939547 0
6958737 1
6962001 0
6965274 0
6971177 -1
6972756 0
6973341 0
6984408 0
