309465 0
341843 0
501699 -1
584247 0
633731 1
957825 -1
1223203 0
2367892 -1
2372312 -1
2381829 1
2444912 0
2455178 0
2466719 1
2472581 -1
2478445 -1
2499319 -1
2501294 -1
2585543 1
2599565 0
2600187 -1
2816412 1
2816654 1
2839371 -1
2850346 -1
2880406 0
2899133 -1
2904487 0
2904552 -1
2924892 -1
2926168 0
2946634 0
2973344 0
3016149 1
3039629 0
3136931 -1
3156796 -1
3210114 1
3216614 0
3380423 0
3401457 1
3405709 1
3412641 0
3414605 -1
3423995 1
3428269 1
3437744 1
3447364 -1
3464564 -1
3470211 0
3470526 0
3472387 0
3472475 0
3518024 -1
3524359 0
3541413 1
3545908 -1
3547784 -1
3566695 -1
3579723 1
3599540 1
3608288 1
3613060 -1
3613597 -1
3613775 -1
3615995 1
3619330 0
3621139 -1
3624758 0
3631155 -1
3634696 0
3641293 0
3643056 1
3643925 0
3645597 -1
3652789 -1
3652867 1
3655003 1
3655980 0
3656573 0
3657584 -1
3661006 1
3683780 1
3687535 -1
3692676 0
3694961 -1
3695026 0
3700670 1
3704719 -1
3721582 -1
3722461 -1
3726582 0
3730315 -1
3737563 1
3738242 -1
3740998 -1
3741746 -1
3743045 1
3744712 -1
3745494 0
3757637 1
3759349 0
3761138 -1
3761766 0
3768928 -1
3771515 -1
3775136 -1
3779828 -1
3785061 -1
3786680 0
3786987 -1
3788815 -1
3797630 1
3805410 -1
3809766 1
3811678 1
3820256 -1
3829972 -1
3841898 0
3849303 0
3850059 0
3856310 -1
3857651 0
3860201 -1
3860487 -1
3860490 0
3863697 0
3865646 0
3868632 1
3868799 0
3869808 -1
3873609 -1
3874301 -1
3876551 -1
3877510 1
3881310 1
3886038 0
3886152 0
3886378 0
3890440 -1
3890491 -1
3892162 1
3911606 1
3911869 1
3913648 1
3913805 0
3920462 0
3926651 0
3938489 0
3940615 -1
3944614 -1
3947103 -1
3951352 0
3954828 -1
3962319 0
3964607 -1
3966317 -1
3977509 1
3977681 -1
4001521 0
4008828 0
4016867 0
4017401 0
4018895 0
4024224 0
4030513 0
4031070 0
4036907 1
4038216 -1
4040426 1
4054152 -1
4059541 -1
4061805 0
4069903 1
4069956 -1
4077143 -1
4077482 -1
4082734 1
4084987 1
4085063 -1
4085271 -1
4096206 1
4102155 1
4111361 1
4116254 1
4117430 -1
4123110 1
4124422 -1
4124755 -1
4127177 -1
4128468 -1
4130081 1
4130883 1
4130986 -1
4131283 -1
4133275 -1
4133761 -1
4134366 0
4134439 -1
4134891 0
4137424 1
4138245 0
4139672 0
4140249 -1
4148552 1
4149581 -1
4151126 0
4153526 -1
4156655 0
4163178 -1
4168557 1
4170610 1
4175207 -1
4176723 1
4181400 1
4183411 -1
4183983 -1
4184333 -1
4189035 1
4189080 -1
4198773 0
4200285 -1
4203869 1
4204040 0
4204750 0
4207244 -1
4209253 -1
4210708 1
4211494 -1
4212885 1
4212892 1
4215185 1
4221817 0
4222614 -1
4226412 1
4227319 1
4227608 -1
4234241 0
4238260 -1
4239587 -1
4241389 -1
4243032 0
4255361 0
4255754 0
4257258 0
4260778 1
4261993 0
4262970 0
4271794 1
4271962 1
4273039 -1
4280372 -1
4283244 0
4296438 0
4299057 0
4306457 -1
4307485 1
4318337 1
4325497 0
4326352 1
4333189 1
4334552 -1
4337109 -1
4341076 0
4346354 -1
4363854 1
4370575 1
4370743 1
4371575 -1
4374939 0
4375961 -1
4381196 1
4383393 0
4384412 0
4390078 0
4390082 0
4390085 0
4390088 0
4390091 0
4390094 0
4390790 1
4392900 0
4393737 1
4394219 0
4395026 1
4400805 0
4401722 -1
4403924 -1
4403980 0
4420495 -1
4423306 -1
4423558 1
4425967 -1
4435250 -1
4435914 -1
4439052 1
4440995 1
4441220 -1
4442824 0
4447857 0
4451439 -1
4453008 -1
4458883 0
4459502 -1
4468197 0
4468792 -1
4470689 0
4472889 -1
4479260 1
4479974 -1
4481357 1
4481375 -1
4483027 -1
4484563 1
4486433 -1
4489212 -1
4489775 -1
4493546 -1
4498979 -1
4503466 0
4505453 0
4514117 1
4522132 -1
4525185 -1
4538454 0
4539706 1
4540126 1
4540701 -1
4542801 -1
4543882 -1
4544665 -1
4544786 -1
4545367 -1
4545557 -1
4545630 -1
4545930 -1
4546335 -1
4546444 -1
4546564 -1
4546884 1
4546920 -1
4546982 1
4547167 -1
4547298 -1
4547745 0
4547757 0
4547907 -1
4548076 -1
4548112 1
4548278 0
4548417 1
4549078 -1
4549341 0
4549362 -1
4549532 1
4549702 -1
4549789 -1
4549811 -1
4550061 -1
4550407 0
4550702 0
4550746 0
4551242 -1
4551790 -1
4551852 0
4552297 -1
4552580 -1
4552987 -1
4553453 1
4553497 1
4553632 1
4553728 1
4553982 1
4554634 -1
4554880 0
4554923 -1
4554955 -1
4554994 -1
4555062 1
4555078 -1
4555265 1
4555614 1
4555684 0
4556000 -1
4556472 0
4556576 0
4556593 0
4556813 1
4557203 -1
4557324 1
4557580 1
4557720 0
4557779 -1
4557945 0
4557995 1
4558310 -1
4559153 0
4559574 -1
4559599 -1
4559608 0
4559772 -1
4559834 0
4560196 1
4560273 1
4560316 -1
4560558 -1
4560663 -1
4560802 -1
4560930 -1
4561038 -1
4561060 1
4561079 -1
4561081 1
4561093 -1
4561631 -1
4561732 0
4561774 -1
4561856 -1
4562100 1
4562233 -1
4562286 -1
4562651 0
4563654 0
4563740 -1
4563785 -1
4563819 1
4563830 1
4563869 0
4564871 0
4565079 0
4565223 1
4565308 -1
4565658 -1
4566544 1
4566608 -1
4567215 -1
4567676 -1
4568216 0
4568361 1
4568621 -1
4568639 1
4568759 0
4568967 0
4569382 0
4569410 -1
4569623 1
4569865 0
4570321 1
4571004 -1
4571114 -1
4571202 1
4571291 -1
4571355 0
4571362 0
4571375 -1
4571510 -1
4571774 -1
4571988 1
4572083 1
4572519 -1
4572528 -1
4572576 0
4572650 1
4572675 1
4572741 -1
4572759 1
4572982 1
4573237 -1
4573516 0
4573603 1
4573719 -1
4573811 -1
4574054 -1
4574116 -1
4574242 -1
4574328 1
4574613 -1
4574624 -1
4574753 -1
4574925 -1
4574995 1
4575135 -1
4575138 1
4575472 -1
4575494 -1
4575613 -1
4575914 -1
4576143 1
4576235 0
4576310 1
4576579 -1
4576893 -1
4577273 0
4577398 -1
4577517 1
4577577 -1
4577914 -1
4578982 -1
4579631 -1
4579842 0
4579942 -1
4580034 1
4580767 1
4580795 0
4581317 -1
4582404 0
4582586 1
4582727 -1
4583023 0
4584518 -1
4584576 0
4585498 1
4585536 1
4586469 0
4587731 0
4588085 0
4588351 0
4590256 1
4590313 0
4590493 0
4591562 1
4592418 0
4593052 0
4593436 0
4593709 1
4594411 1
4594523 -1
4594793 0
4595586 1
4595706 1
4595741 -1
4595852 1
4596519 0
4597472 0
4598548 0
4598635 -1
4598651 1
4598936 -1
4598954 -1
4599181 0
4599815 0
4600203 1
4600417 -1
4600491 0
4601436 -1
4602343 0
4602753 0
4606792 0
4607238 0
4607341 0
4609311 0
4609673 0
4610648 0
4611179 0
4611480 0
4612118 0
4612523 0
4612754 0
4613183 1
4613323 0
4613355 0
4613451 0
4614119 0
4615698 -1
4616438 -1
4616692 -1
4617165 -1
4621066 0
4621552 -1
4624502 0
4625022 -1
4626208 1
4627903 -1
4628522 0
4629683 0
4629855 0
4630102 -1
4630177 0
4631049 -1
4632012 -1
4637888 -1
4645202 -1
4646274 0
4646363 -1
4648050 1
4648541 1
4648984 -1
4651327 0
4659827 -1
4662052 -1
4665691 0
4666253 -1
4667982 0
4668079 1
4676729 1
4679352 -1
4685717 1
4688390 -1
4692508 -1
4698865 1
4705826 1
4712790 -1
4715834 1
4720893 1
4737436 0
4743608 -1
4744387 1
4747135 -1
4749527 1
4756354 0
4761802 -1
4763810 -1
4765726 1
4765735 0
4772549 -1
4782218 -1
4783384 -1
4796078 -1
4796408 0
4797565 1
4817826 0
4828418 -1
4829343 -1
4832526 1
4833033 1
4833685 1
4834342 1
4834733 1
4835087 -1
4848427 0
4855940 1
4856608 0
4871285 1
4871408 1
4873280 1
4873636 1
4875186 -1
4875211 0
4875352 0
4891977 -1
4897635 1
4898224 1
4919701 -1
4920805 0
4929099 1
4935694 -1
4938622 -1
4943032 0
4944536 0
4953591 -1
4961123 -1
4961826 1
4969183 -1
4972711 0
4973753 0
4974254 0
4974700 0
4974832 0
4975995 1
4976171 0
4978982 1
4995856 -1
4996220 1
5001781 -1
5014327 -1
5025807 -1
5036183 0
5041115 1
5044789 1
5048148 1
5049632 -1
5050620 0
5051279 -1
5051345 -1
5051352 -1
5056441 0
5057513 0
5057863 1
5058568 1
5060057 0
5062935 -1
5064173 -1
5065105 0
5065187 0
5073057 0
5082299 1
5128828 0
5134589 1
5134657 1
5141420 1
5141933 0
5146706 1
5149500 0
5156737 1
5194604 1
5204527 0
5205016 0
5229578 -1
5235189 1
5259730 1
5270119 1
5278229 0
5320846 0
5401118 0
5412048 0
5426541 1
5433776 -1
5437548 1
5444061 1
5478853 -1
5482449 -1
5496474 -1
5511804 1
5541905 1
5554065 0
5559491 0
5559497 -1
5567322 1
5589973 -1
5596680 1
5622266 1
5632599 1
5646364 0
5700546 0
5703546 1
5721804 0
5727448 1
5734624 1
5736265 1
5740522 -1
5743528 -1
5751011 0
5758191 -1
5770516 -1
5775397 -1
5779515 -1
5782336 0
5783018 -1
5783066 1
5783149 0
5792041 -1
5801129 0
5804599 0
5869310 -1
5900917 0
5910254 -1
5928361 1
5928396 -1
5931523 1
5932886 1
5935132 1
5939855 1
5963085 -1
5977983 0
5993930 -1
5997051 -1
6027447 -1
6028865 0
6046960 -1
6051803 1
6068634 1
6087220 0
6094560 0
6095624 1
6098593 1
6110223 -1
6115326 1
6130177 -1
6130528 -1
6131908 1
6136414 -1
6136806 -1
6137028 -1
6143769 1
6160184 0
6204334 0
6206813 0
6208911 1
6209187 -1
6209622 0
6212812 1
6214519 1
6218387 1
6218465 1
6219454 1
6225969 -1
6228028 0
6229164 0
6246220 0
6251560 -1
6252656 1
6253012 0
6255546 1
6258323 -1
6258423 0
6262367 1
6262681 -1
6264530 -1
6265861 -1
6267126 0
6270766 0
6295924 1
6296770 1
6300036 1
6314183 1
6317891 0
6318196 0
6328002 1
6328633 0
6329431 0
6340273 0
6341800 0
6342852 0
6350046 1
6351573 0
6352530 -1
6353799 1
6354339 1
6354816 -1
6358202 0
6358429 1
6360892 1
6362073 1
6362538 1
6363945 1
6366187 1
6366473 1
6368998 1
6371803 1
6374476 -1
6375224 1
6376141 -1
6378367 0
6386228 1
6386946 1
6387834 -1
6387866 0
6388057 -1
6388246 0
6388868 -1
6389409 -1
6390800 -1
6392804 0
6393053 -1
6394597 1
6396092 1
6403916 1
6407718 0
6408545 1
6408609 1
6408745 1
6409070 -1
6409379 -1
6409653 1
6409664 -1
6409760 0
6410258 0
6410449 0
6410465 0
6410876 1
6411215 0
6411600 -1
6411792 -1
6411851 1
6412083 1
6412088 1
6412110 1
6412268 0
6412639 0
6413021 0
6413184 -1
6413500 -1
6413549 -1
6414064 -1
6414459 1
6414713 1
6415112 1
6415337 1
6415782 0
6416445 -1
6419173 1
6419435 1
6419647 0
6420671 1
6421806 1
6422704 0
6423129 1
6423589 1
6424591 -1
6424697 1
6425170 0
6425577 1
6426622 -1
6427397 -1
6428520 -1
6428557 1
6430877 1
6432724 1
6434948 1
6435770 -1
6439806 1
6440659 0
6443415 0
6444747 1
6445929 1
6447737 1
6448663 1
6451466 -1
6452197 1
6452994 1
6455254 1
6458032 1
6468833 0
6469684 1
6469951 0
6470885 0
6472106 0
6472678 -1
6472800 -1
6473094 -1
6474534 0
6475616 1
6475941 1
6476997 1
6479000 -1
6482636 -1
6482824 1
6489525 1
6492493 -1
6493049 0
6494087 1
6496810 -1
6496865 1
6499521 0
6500454 1
6505386 -1
6511237 0
6511876 1
6512501 0
6518643 -1
6521156 0
6521543 1
6522676 0
6531592 1
6544760 1
6545189 -1
6558384 -1
6562507 0
6575978 0
6579497 -1
6581394 1
6581544 0
6586297 1
6593277 -1
6595056 -1
6604324 0
6604871 -1
6608553 1
6639166 -1
6682001 1
6689071 1
6696199 -1
6696548 -1
6701735 1
6703751 1
6704281 0
6719406 1
6736328 1
6762101 -1
6764398 -1
6772117 -1
6776756 0
6777240 1
6777427 0
6777926 0
6779915 0
6794243 0
6797937 1
6800928 -1
6803248 -1
6819514 -1
6827625 1
6831549 1
6831716 1
6838748 -1
6852270 1
6863076 -1
6863226 -1
6874050 -1
6877546 1
6887686 -1
6888869 0
6917201 1
6939547 0
6958737 1
6962001 1
6965274 0
6971177 -1
6972756 0
6973341 0
6984408 0
