309465 -1
341843 0
501699 -1
584247 1
633731 1
957825 -1
1223203 0
2367892 -1
2372312 -1
2381829 1
2444912 0
2455178 -1
2466719 0
2472581 0
2478445 -1
2499319 0
2501294 0
2585543 -1
2599565 0
2600187 0
2816412 1
2816654 -1
2839371 0
2850346 0
2880406 -1
2899133 -1
2904487 0
2904552 -1
2924892 -1
2926168 0
2946634 -1
2973344 -1
3016149 0
3039629 0
3136931 0
3156796 0
3210114 0
3216614 0
3380423 0
3401457 1
3405709 0
3412641 -1
3414605 -1
3423995 -1
3428269 -1
3437744 1
3447364 0
3464564 0
3470211 0
3470526 0
3472387 0
3472475 0
3518024 -1
3524359 0
3541413 -1
3545908 -1
3547784 -1
3566695 0
3579723 0
3599540 0
3608288 0
3613060 -1
3613597 -1
3613775 -1
3615995 -1
3619330 0
3621139 -1
3624758 -1
3631155 0
3634696 0
3641293 0
3643056 0
3643925 0
3645597 -1
3652789 -1
3652867 1
3655003 0
3655980 0
3656573 -1
3657584 -1
3661006 0
3683780 -1
3687535 0
3692676 1
3694961 -1
3695026 1
3700670 0
3704719 0
3721582 -1
3722461 -1
3726582 1
3730315 -1
3737563 0
3738242 -1
3740998 -1
3741746 -1
3743045 0
3744712 -1
3745494 0
3757637 1
3759349 0
3761138 -1
3761766 0
3768928 -1
3771515 -1
3775136 0
3779828 0
3785061 0
3786680 0
3786987 -1
3788815 0
3797630 1
3805410 0
3809766 1
3811678 0
3820256 -1
3829972 -1
3841898 -1
3849303 0
3850059 0
3856310 -1
3857651 0
3860201 -1
3860487 -1
3860490 0
3863697 0
3865646 0
3868632 1
3868799 0
3869808 0
3873609 0
3874301 -1
3876551 0
3877510 1
3881310 -1
3886038 0
3886152 0
3886378 0
3890440 -1
3890491 -1
3892162 1
3911606 0
3911869 -1
3913648 -1
3913805 1
3920462 0
3926651 1
3938489 0
3940615 -1
3944614 0
3947103 -1
3951352 -1
3954828 0
3962319 0
3964607 -1
3966317 -1
3977509 1
3977681 0
4001521 0
4008828 0
4016867 0
4017401 0
4018895 1
4024224 0
4030513 1
4031070 0
4036907 0
4038216 -1
4040426 1
4054152 -1
4059541 -1
4061805 0
4069903 1
4069956 0
4077143 1
4077482 0
4082734 1
4084987 1
4085063 0
4085271 -1
4096206 1
4102155 0
4111361 -1
4116254 0
4117430 -1
4123110 0
4124422 -1
4124755 -1
4127177 -1
4128468 -1
4130081 0
4130883 -1
4130986 -1
4131283 -1
4133275 -1
4133761 0
4134366 0
4134439 0
4134891 0
4137424 0
4138245 0
4139672 0
4140249 -1
4148552 1
4149581 -1
4151126 0
4153526 0
4156655 -1
4163178 0
4168557 0
4170610 0
4175207 -1
4176723 1
4181400 1
4183411 -1
4183983 -1
4184333 -1
4189035 0
4189080 -1
4198773 1
4200285 0
4203869 0
4204040 0
4204750 0
4207244 -1
4209253 -1
4210708 1
4211494 -1
4212885 0
4212892 0
4215185 1
4221817 0
4222614 0
4226412 0
4227319 0
4227608 -1
4234241 0
4238260 0
4239587 1
4241389 -1
4243032 0
4255361 -1
4255754 -1
4257258 -1
4260778 -1
4261993 -1
4262970 1
4271794 0
4271962 0
4273039 1
4280372 -1
4283244 0
4296438 0
4299057 0
4306457 0
4307485 1
4318337 0
4325497 0
4326352 1
4333189 0
4334552 -1
4337109 -1
4341076 0
4346354 0
4363854 0
4370575 0
4370743 0
4371575 1
4374939 0
4375961 -1
4381196 1
4383393 0
4384412 0
4390078 1
4390082 1
4390085 1
4390088 1
4390091 1
4390094 1
4390790 0
4392900 0
4393737 0
4394219 0
4395026 0
4400805 0
4401722 -1
4403924 0
4403980 1
4420495 -1
4423306 0
4423558 1
4425967 0
4435250 0
4435914 -1
4439052 1
4440995 0
4441220 -1
4442824 0
4447857 -1
4451439 0
4453008 -1
4458883 0
4459502 0
4468197 0
4468792 0
4470689 0
4472889 0
4479260 0
4479974 -1
4481357 0
4481375 -1
4483027 -1
4484563 0
4486433 1
4489212 -1
4489775 1
4493546 -1
4498979 -1
4503466 0
4505453 0
4514117 1
4522132 -1
4525185 -1
4538454 -1
4539706 -1
4540126 1
4540701 0
4542801 -1
4543882 0
4544665 -1
4544786 1
4545367 1
4545557 -1
4545630 -1
4545930 1
4546335 0
4546444 0
4546564 -1
4546884 1
4546920 -1
4546982 -1
4547167 -1
4547298 -1
4547745 0
4547757 -1
4547907 -1
4548076 -1
4548112 0
4548278 0
4548417 0
4549078 0
4549341 0
4549362 0
4549532 1
4549702 -1
4549789 0
4549811 -1
4550061 0
4550407 0
4550702 0
4550746 0
4551242 0
4551790 -1
4551852 0
4552297 -1
4552580 0
4552987 -1
4553453 1
4553497 0
4553632 0
4553728 0
4553982 1
4554634 0
4554880 0
4554923 0
4554955 0
4554994 -1
4555062 1
4555078 0
4555265 0
4555614 0
4555684 1
4556000 -1
4556472 1
4556576 -1
4556593 0
4556813 0
4557203 -1
4557324 1
4557580 0
4557720 0
4557779 -1
4557945 -1
4557995 0
4558310 0
4559153 0
4559574 -1
4559599 0
4559608 0
4559772 -1
4559834 0
4560196 1
4560273 1
4560316 0
4560558 -1
4560663 -1
4560802 -1
4560930 0
4561038 1
4561060 0
4561079 -1
4561081 0
4561093 0
4561631 -1
4561732 0
4561774 1
4561856 0
4562100 1
4562233 -1
4562286 -1
4562651 -1
4563654 0
4563740 -1
4563785 -1
4563819 0
4563830 1
4563869 0
4564871 1
4565079 0
4565223 1
4565308 0
4565658 -1
4566544 1
4566608 -1
4567215 0
4567676 0
4568216 0
4568361 0
6362538 0
6366187 1
6366473 1
6368998 1
6371803 0
6374476 -1
6375224 1
6376141 -1
6378367 1
6387866 1
6388057 -1
6393053 1
6396092 1
6468833 0
6469684 0
6469951 -1
6470885 -1
6472106 0
6472678 -1
6472800 -1
6473094 -1
6474534 0
6475616 0
6475941 1
6476997 1
6479000 0
6482636 -1
6482824 1
6489525 0
6492493 0
6493049 0
6494087 0
6496810 -1
6496865 1
6499521 0
6500454 0
6505386 0
6511237 0
6511876 1
6512501 1
6518643 0
6521156 0
6521543 1
6522676 0
6531592 1
6544760 0
6545189 0
6558384 0
6562507 0
6575978 0
6579497 0
6581394 0
6581544 0
6586297 0
6593277 0
6604871 -1
6608553 0
6639166 -1
6682001 0
6689071 0
6696199 -1
6696548 0
6736328 1
6762101 0
6764398 0
6772117 0
6777926 1
6779915 0
6794243 0
6797937 1
6800928 0
6803248 -1
6819514 -1
6831549 0
6831716 1
6863226 -1
6874050 0
6877546 1
6887686 -1
6888869 0
6917201 0
6984408 0
