309465 -1
341843 -1
501699 -1
584247 -1
633731 1
957825 -1
1223203 0
2367892 -1
2372312 -1
2381829 1
2444912 0
2455178 -1
2466719 0
2472581 -1
2478445 -1
2499319 0
2501294 0
2585543 0
2599565 0
2600187 -1
2816412 0
2816654 0
2839371 -1
2850346 0
2880406 1
2899133 -1
2904487 0
2904552 -1
2924892 0
2926168 0
2946634 0
2973344 -1
3016149 0
3039629 0
3136931 0
3156796 0
3210114 0
3216614 0
3380423 0
3401457 0
3405709 0
3412641 -1
3414605 -1
3423995 1
3428269 0
3437744 0
3447364 0
3464564 -1
3470211 0
3470526 0
3472387 0
3472475 0
3518024 -1
3524359 0
3541413 -1
3545908 -1
3547784 -1
