309465 -1
341843 0
501699 -1
584247 1
633731 1
957825 -1
1223203 0
2367892 -1
2444912 0
2455178 -1
2466719 0
2585543 -1
2599565 0
2600187 0
2816412 1
2816654 -1
2899133 -1
2904552 -1
2924892 -1
2926168 0
2946634 -1
3136931 0
3156796 0
3405709 0
3412641 -1
3423995 -1
3428269 -1
3464564 0
3470211 0
3518024 -1
3524359 0
3613060 -1
3615995 -1
3621139 -1
3634696 0
3641293 0
3645597 -1
3656573 -1
3657584 -1
3661006 0
3692676 1
3704719 0
3730315 -1
3738242 -1
3740998 -1
3757637 1
3759349 0
3761766 0
3768928 -1
3788815 0
3805410 0
3829972 -1
3849303 0
3850059 0
3856310 -1
3860201 -1
3874301 -1
3877510 1
3881310 -1
3911869 -1
3913648 -1
3913805 1
3926651 1
3940615 -1
3944614 0
3951352 -1
3962319 0
3966317 -1
3977509 1
4036907 0
4038216 -1
4059541 -1
4061805 0
4069903 1
4082734 1
4085271 -1
4124422 -1
4124755 -1
4127177 -1
4128468 -1
4131283 -1
4133275 -1
4139672 0
4140249 -1
4148552 1
4151126 0
4153526 0
4170610 0
4175207 -1
4184333 -1
4209253 -1
4210708 1
4211494 -1
4212885 0
4212892 0
4226412 0
4227319 0
4227608 -1
4234241 0
4238260 0
4255754 -1
4257258 -1
4260778 -1
4262970 1
4306457 0
4307485 1
4325497 0
4370575 0
4370743 0
4371575 1
4374939 0
4375961 -1
4381196 1
6362538 0
6366187 1
6366473 1
6368998 1
6371803 0
6374476 -1
6375224 1
6376141 -1
6378367 1
6387866 1
6388057 -1
6393053 1
6396092 1
6489525 0
6492493 0
6493049 0
6494087 0
6496810 -1
6496865 1
6499521 0
6500454 0
6505386 0
6511237 0
6511876 1
6512501 1
6518643 0
6521156 0
6521543 1
6544760 0
6545189 0
6558384 0
6579497 0
6581394 0
6581544 0
6586297 0
6604871 -1
6608553 0
6639166 -1
6682001 0
6689071 0
6696199 -1
6696548 0
6736328 1
6762101 0
6764398 0
6772117 0
6777926 1
6779915 0
6794243 0
6797937 1
6800928 0
6803248 -1
6819514 -1
6831549 0
6831716 1
6863226 -1
6874050 0
6877546 1
6887686 -1
6888869 0
6917201 0
