309465 -1
341843 -1
501699 -1
584247 -1
633731 1
957825 -1
1223203 0
2367892 -1
2372312 -1
2381829 1
2444912 0
2455178 -1
2466719 0
2472581 -1
2478445 -1
2499319 0
2501294 0
2585543 0
2599565 0
2600187 -1
2816412 0
2816654 0
2839371 -1
2850346 0
2880406 1
2899133 -1
2904487 0
2904552 -1
2924892 0
2926168 0
2946634 0
2973344 -1
3016149 0
3039629 0
3136931 0
3156796 0
3210114 0
3216614 0
3380423 0
3401457 0
3405709 0
3412641 -1
3414605 -1
3423995 1
3428269 0
3437744 0
3447364 0
3464564 -1
3470211 0
3470526 0
3472387 0
3472475 0
3518024 -1
3524359 0
3541413 -1
3545908 -1
3547784 -1
3566695 0
3579723 0
3599540 -1
3608288 0
3613060 -1
3613597 -1
3613775 -1
3615995 0
3619330 0
3621139 -1
3624758 -1
3631155 -1
3634696 0
3641293 -1
3643056 0
3643925 0
3645597 -1
3652789 -1
3652867 0
3655003 0
3655980 1
3656573 -1
3657584 -1
3661006 0
3683780 0
3687535 1
3692676 0
3694961 -1
3695026 0
3700670 0
3704719 -1
3721582 -1
3722461 -1
3726582 0
3730315 -1
3737563 0
3738242 -1
3740998 -1
3741746 -1
3743045 0
3744712 0
3745494 0
3757637 1
3759349 0
3761138 -1
3761766 0
3768928 -1
3771515 -1
3775136 -1
3779828 -1
3785061 0
3786680 0
3786987 -1
3788815 -1
3797630 0
3805410 -1
3811678 0
3820256 -1
3829972 -1
3841898 0
3849303 0
3850059 0
3856310 -1
3857651 0
3860201 -1
3860487 -1
3860490 0
3863697 0
3865646 0
3868632 0
3868799 0
3869808 0
3873609 0
3874301 -1
3876551 -1
3877510 1
3881310 0
3886038 0
3886152 0
3886378 0
3890440 0
3890491 -1
3892162 1
3911606 0
3911869 0
3913648 0
3913805 0
3920462 0
3926651 0
3938489 0
3940615 -1
3944614 0
3947103 -1
3951352 0
3954828 -1
3962319 1
3964607 -1
3966317 -1
3977509 0
3977681 0
4001521 0
4008828 0
4016867 -1
4017401 0
4018895 0
4024224 0
4030513 0
4031070 0
4036907 0
4038216 -1
4040426 1
4054152 -1
4059541 -1
4061805 0
4069903 0
4069956 0
4077143 -1
4077482 0
4082734 1
4084987 0
4085063 -1
4085271 -1
4096206 0
4102155 0
4111361 0
4116254 0
4117430 -1
4123110 0
4124422 -1
4124755 0
4127177 -1
4128468 -1
4130081 0
4130883 -1
4130986 0
4131283 -1
4133275 -1
4133761 -1
4134366 0
4134439 -1
4134891 0
4137424 0
4138245 0
4139672 0
4148552 0
4149581 -1
4151126 0
4153526 0
4163178 0
4168557 0
4175207 -1
4176723 0
4181400 1
4183411 -1
4183983 -1
4184333 -1
4189035 0
4189080 -1
4198773 1
4200285 -1
4203869 0
4204040 0
4204750 0
4207244 -1
4209253 -1
4210708 1
4211494 -1
4212885 0
4212892 -1
4215185 1
4221817 0
4222614 0
4226412 1
4227319 1
4227608 -1
4234241 0
4238260 -1
4239587 0
4241389 0
4243032 0
4255361 0
4255754 0
4257258 0
4260778 0
4261993 0
4262970 0
4271794 1
4271962 0
4273039 0
4280372 -1
4283244 0
4296438 0
4299057 0
4306457 -1
4307485 0
4318337 0
4325497 0
4326352 0
4333189 0
4334552 -1
4337109 -1
4341076 0
4346354 0
4363854 0
4370575 -1
4370743 -1
4371575 -1
4374939 0
4375961 -1
4381196 0
4383393 0
4384412 0
4390078 0
4390082 0
4390085 0
4390088 0
4390091 0
4390094 0
4390790 0
4392900 0
4393737 0
4394219 0
4400805 0
4401722 -1
4403924 -1
