309465 -1
341843 0
501699 -1
584247 0
633731 1
957825 -1
1223203 0
2367892 -1
2372312 -1
2381829 1
2444912 0
2455178 0
2466719 1
2472581 -1
2478445 -1
2499319 -1
2501294 -1
2585543 1
2599565 0
2600187 -1
2816412 1
2816654 1
2839371 -1
2850346 -1
2880406 0
2899133 -1
2904487 0
2904552 -1
2924892 -1
2926168 0
2946634 0
2973344 0
3016149 1
3039629 0
3136931 -1
3156796 -1
3210114 1
3216614 0
3380423 0
3401457 1
3405709 1
3412641 0
3414605 -1
3423995 1
3428269 1
3437744 1
3447364 -1
3464564 -1
3470211 0
3470526 0
3472387 0
3472475 0
3518024 -1
3524359 0
3541413 1
3545908 -1
3547784 -1
3566695 -1
3579723 1
3599540 1
3608288 1
3613060 -1
3613597 -1
3613775 -1
3615995 1
3619330 0
3621139 -1
3624758 0
3631155 -1
3634696 0
3641293 0
3643056 1
3643925 0
3645597 -1
3652789 -1
3652867 1
3655003 1
3655980 0
3656573 0
3657584 -1
3661006 1
3683780 1
3687535 -1
3692676 0
3694961 -1
3695026 0
3700670 1
3704719 -1
3721582 -1
3722461 -1
3726582 0
3730315 -1
3737563 1
3738242 -1
3740998 -1
3741746 -1
3743045 1
3744712 -1
3745494 0
3757637 1
3759349 0
3761138 -1
3761766 0
3768928 -1
3771515 -1
3775136 -1
3779828 -1
3785061 -1
3786680 0
3786987 -1
3788815 -1
3797630 1
3805410 -1
3809766 1
3811678 1
3820256 -1
3829972 -1
3841898 0
3849303 0
3850059 0
3856310 -1
3857651 0
3860201 -1
3860487 -1
3860490 0
3863697 0
3865646 0
3868632 1
3868799 0
3869808 -1
3873609 -1
3874301 -1
3876551 -1
3877510 1
3881310 1
3886038 0
3886152 0
3886378 0
3890440 -1
3890491 -1
3892162 1
3911606 1
3911869 1
3913648 1
3913805 0
3920462 0
3926651 0
3938489 0
3940615 -1
3944614 -1
3947103 -1
3951352 0
3954828 -1
3962319 0
3964607 -1
3966317 -1
3977509 1
3977681 -1
4001521 0
4008828 0
