309465 -1
341843 0
501699 -1
584247 0
633731 1
957825 -1
1223203 0
2367892 -1
2372312 -1
2381829 1
2444912 0
2455178 0
2466719 1
2472581 -1
2478445 -1
2499319 -1
2501294 -1
2585543 1
2599565 0
2600187 -1
2816412 1
2816654 1
2839371 -1
2850346 -1
2880406 0
2899133 -1
2904487 0
2904552 -1
2924892 -1
2926168 0
2946634 0
2973344 0
3016149 1
3039629 0
3136931 -1
3156796 -1
3210114 1
3216614 0
3380423 0
3401457 1
3405709 1
3412641 0
3414605 -1
3423995 1
3428269 1
3437744 1
3447364 -1
3464564 -1
3470211 0
3470526 0
3472387 0
3472475 0
3518024 -1
3524359 0
3541413 1
3545908 -1
3547784 -1
3566695 -1
3579723 1
3599540 1
