2934166 0
4715061 -1
4750618 1
3741553 -1
7129160 1
7219479 0
4140389 0
4171703 0
6930986 -1
2762812 0
165303 1
6338614 1
4665443 1
1565138 1
1291091 1
2410810 1
1437179 1
3386289 -1
829633 0
6580748 1
5725317 -1
408731 1
208121 1
1762953 1
4603396 0
773760 1
840622 0
6884749 1
5134993 1
1012555 0
4193796 0
4015599 0
3064633 -1
3690004 -1
1581434 -1
3436928 -1
5436958 1
6659788 -1
1299048 0
3242712 1
5715023 1
2735564 -1
1926224 -1
4289156 0
187740 -1
1233981 1
4318656 1
4881776 1
3779447 -1
5367154 1
5441967 -1
7385493 0
791916 0
5747998 1
6304767 -1
3408885 -1
6121793 -1
171238 1
4985550 -1
4580488 0
5608429 1
7093817 -1
2071052 1
3122146 1
3974323 1
2900469 1
4044820 0
1668357 -1
2132577 -1
6746523 1
4667719 1
7356195 -1
7275938 0
5011937 0
3564643 -1
4588898 1
2649892 1
724850 1
3435995 -1
3647176 1
1448405 0
2093025 -1
3675210 1
2307998 1
5428783 -1
603296 1
7068346 -1
6358220 1
2298758 0
2657640 0
4269482 0
1357686 -1
3152488 0
5805761 0
8604 0
7069382 0
652923 0
3752778 0
2678073 0
6509184 1
2663905 -1
1629228 0
304874 0
3187686 1
3661048 0
4458042 0
1917552 1
6935867 -1
5190067 -1
7422950 -1
1375180 1
995121 0
5575369 0
472846 -1
4049922 1
7085175 1
3992330 -1
775836 1
6497149 1
6604028 -1
506530 -1
5912773 1
6303700 0
6212664 1
4913824 -1
3980157 1
6965196 0
5983852 0
1389524 0
7383012 -1
4354385 1
2772058 1
52999 1
4953775 -1
2375354 0
621793 1
2290846 -1
4922241 1
3470493 0
4695639 0
3415154 0
967832 1
1706417 1
2359746 -1
3758517 0
6478353 0
3393872 -1
4368223 0
1433999 1
2568518 1
6569411 1
338652 1
2107104 0
1775412 1
1152078 0
860088 -1
2187088 1
1926135 0
6729872 1
2139732 0
313689 -1
603081 1
4033567 -1
3590221 1
3562228 -1
4669948 0
6320504 0
6152198 0
57380 -1
7095231 -1
2598358 0
999706 -1
4051706 1
6852120 1
2219698 1
4195104 1
344349 1
4847102 1
1931338 0
4659598 1
6455988 -1
5619268 1
949761 1
3106021 -1
6144803 0
1818076 0
3325838 1
3730340 0
1908391 1
1748487 1
2657294 -1
6703638 1
1619669 1
