2934166 0
4715061 0
4750618 1
3741553 -1
7129160 0
7219479 0
4140389 0
4171703 0
6930986 0
2762812 0
165303 1
6338614 0
4665443 1
1565138 1
1291091 1
2410810 1
1437179 0
3386289 0
829633 0
6580748 0
5725317 0
408731 0
208121 0
1762953 0
4603396 0
773760 0
840622 0
6884749 0
5134993 0
1012555 0
4193796 0
4015599 0
3064633 0
3690004 0
1581434 0
3436928 0
5436958 0
6659788 0
1299048 0
3242712 0
5715023 0
2735564 0
1926224 0
4289156 0
187740 0
1233981 0
4318656 0
4881776 0
3779447 0
5367154 0
5441967 0
7385493 0
791916 0
5747998 0
6304767 0
3408885 0
6121793 0
171238 0
4985550 0
4580488 0
5608429 0
7093817 0
2071052 0
3122146 0
3974323 0
2900469 0
4044820 0
1668357 0
2132577 0
6746523 0
4667719 0
7356195 0
7275938 0
5011937 0
3564643 0
4588898 0
2649892 0
724850 0
3435995 0
3647176 0
1448405 0
2093025 0
3675210 0
2307998 0
5428783 0
603296 0
7068346 0
6358220 0
2298758 0
2657640 0
4269482 0
1357686 0
3152488 0
5805761 0
8604 0
7069382 0
652923 0
3752778 0
2678073 0
6509184 0
2663905 0
1629228 0
304874 0
3187686 0
3661048 0
4458042 0
1917552 0
6935867 0
5190067 0
7422950 0
1375180 0
995121 0
5575369 0
472846 0
4049922 0
7085175 0
3992330 0
775836 0
6497149 0
6604028 0
506530 0
5912773 0
6303700 0
6212664 0
4913824 0
3980157 0
6965196 0
5983852 0
1389524 0
7383012 0
4354385 0
2772058 0
52999 0
3215975 0
4953775 0
2375354 0
621793 0
2290846 0
4922241 0
3470493 0
4695639 0
3415154 0
967832 0
1706417 0
2359746 0
3758517 0
6478353 0
3393872 0
4368223 0
1433999 0
2568518 0
6569411 0
338652 0
2107104 0
1775412 0
1152078 0
860088 0
2187088 0
1926135 0
6729872 0
2139732 0
313689 0
603081 0
4033567 0
3590221 0
3562228 0
4669948 0
6320504 0
6152198 0
57380 0
7095231 0
2598358 0
999706 0
4051706 0
6852120 0
2219698 0
4195104 0
344349 0
4847102 0
5771651 0
1931338 0
4659598 0
6455988 0
5619268 0
949761 0
3106021 0
19731 0
602818 0
5000732 0
6144803 0
1818076 0
3325838 0
3730340 0
1908391 0
1748487 0
2657294 0
6703638 0
1619669 0
441537 0
4592445 0
6767367 0
6393304 0
3832276 0
15654 0
6357559 0
3841004 0
392028 0
4502821 0
3157362 0
6476652 0
4177811 0
3612986 0
3652475 0
3641080 0
3290043 0
7363300 0
3114020 0
2881963 0
1347499 0
6805129 0
6522317 0
7357700 0
1048450 0
388063 0
51250 0
6018760 0
3216421 0
1562105 0
5052446 0
6281057 0
2841059 0
3887160 0
1392347 0
1629693 0
2400541 0
4718542 0
7012626 0
4056340 0
2955719 0
6319886 0
975244 0
6272430 0
4853045 0
224327 0
6775242 0
1677802 0
3388578 0
6364333 0
191777 0
527271 0
5667291 0
321420 0
1879653 0
6347084 0
4966036 0
3666417 0
3639836 0
1535664 0
7030660 0
7207826 0
2778436 0
2965531 0
5043057 0
7366450 0
1647153 0
5741450 0
1636060 0
1693293 0
910981 0
3410051 0
6388759 0
5365413 0
3109318 0
7445618 0
4233226 0
6380757 0
6228631 0
7172668 0
233012 0
1753122 0
5858288 0
1617401 0
5150157 0
4303587 0
6794072 0
4684154 0
500165 0
6348821 0
4318762 0
7331840 0
5430294 0
2359151 0
7327768 0
2985554 0
808686 0
1506948 0
2584640 0
4855511 0
7172089 0
1741031 0
4783545 0
6669139 0
1444466 0
633774 0
2227446 0
1097811 0
7297224 0
965578 0
3623044 0
5005805 0
2787813 0
6650280 0
3301242 0
4136927 0
36465 0
6408476 0
4201682 0
5496140 0
5637167 0
2423500 0
1270231 0
1386296 0
5695395 0
3644647 0
6997444 0
1573398 0
6377364 0
5729800 0
587741 0
2341462 0
7407562 0
1607569 0
4618928 0
4734474 0
5069297 0
7170397 0
937144 0
167233 0
2526534 0
678883 0
6133783 0
644612 0
5156223 0
5936561 0
3936040 0
6112753 0
4428318 0
3831493 0
6432238 0
6204935 0
939743 0
463138 0
2290550 0
3740074 0
7340137 0
6402776 0
4689515 0
6330690 0
2148040 0
2328443 0
7439140 0
3782523 0
4908106 0
3428137 0
5369822 0
1392421 0
2762825 0
2791264 0
100888 0
1533200 0
5202974 0
6108037 0
6663333 0
5053566 0
956331 0
7083556 0
2228927 0
3144107 0
323219 0
1265035 0
5073558 0
849587 0
1749150 0
1100391 0
144820 0
1725989 0
1298247 0
1242939 0
1014682 0
2961490 0
358891 0
6534534 0
7021469 0
6917205 0
750308 0
3168332 0
6971481 0
265234 0
6600690 0
4453800 0
886039 0
3453382 0
811880 0
6551897 0
2556569 0
5972121 0
442599 0
1171757 0
5591428 0
6224570 0
4593799 0
5949362 0
5678158 0
1362520 0
1690496 0
6695533 0
5898612 0
89730 0
5629522 0
2282922 0
4986052 0
1761851 0
2354408 0
5781362 0
4941040 0
5656749 0
2594457 0
2709434 0
4461767 0
2529961 0
3949491 0
5750905 0
3475365 0
4712208 0
2927117 0
5262246 0
7200215 0
720863 0
686443 0
1734240 0
3888393 0
3811685 0
2435874 0
4859330 0
2867026 0
5006766 0
6885508 0
4723543 0
3472589 0
750932 0
6857877 0
3092118 0
3898765 0
6525753 0
4349156 0
170271 0
1048005 0
4179127 0
3088530 0
544005 0
2050688 0
1749891 0
89885 0
2911488 0
3059821 0
2031971 0
3612085 0
3597242 0
1946204 0
6087796 0
3247074 0
702296 0
4740460 0
5917785 0
112562 0
2752389 0
6441301 0
2269435 0
3602047 0
2070205 0
1969088 0
2163073 0
1722757 0
5613869 0
4913998 0
866447 0
2642133 0
1488687 0
6334390 0
5485825 0
3039723 0
4154590 0
2248261 0
3666874 0
2296343 0
3010758 0
2943713 0
3010501 0
5852682 0
979622 0
6773972 0
6644917 0
5848007 0
820842 0
5773563 0
6550025 0
4777282 0
3285820 0
2422188 0
6422293 0
6503956 0
3420335 0
5388110 0
3708474 0
5588968 0
734630 0
2344351 0
5286746 0
2049177 0
6241556 0
5090032 0
4877456 0
1367175 0
822852 0
6467193 0
823945 0
2457753 0
1208646 0
1076561 0
495729 0
1328357 0
4990447 0
4407707 0
5801087 0
5346973 0
6252356 0
3492768 0
4884289 0
1735918 0
4344749 0
1734815 0
7250551 0
2456857 0
1208601 0
243127 0
6550024 0
1009001 0
2529040 0
6084956 0
66670 0
2565399 0
3616613 0
5243818 0
3541943 0
139841 0
5353076 0
3193041 0
2857218 0
7302915 0
2253097 0
86951 0
259988 0
2169259 0
1168918 0
4123410 0
680470 0
1305383 0
456308 0
4615696 0
3889129 0
2445720 0
3963216 0
6191012 0
6377973 0
6398348 0
7345608 0
3925292 0
7205419 0
5246386 0
3506959 0
5576398 0
1282603 0
2615128 0
205040 0
6845933 0
6317771 0
2796974 0
383076 0
5540818 0
3811121 0
4701147 0
2513624 0
4139272 0
5306968 0
1531066 0
1162083 0
3218092 0
6960017 0
4546492 0
512734 0
3097412 0
6444579 0
5068896 0
1199839 0
4330009 0
6290271 0
2264025 0
2134303 0
3472701 0
6874349 0
6354825 0
614263 0
3892118 0
5230959 0
6721940 0
357172 0
556945 0
3132684 0
4424431 0
31984 0
2551375 0
4081225 0
2632851 0
6264447 0
246311 0
3136758 0
5715776 0
6994805 0
5170091 0
2531919 0
3161314 0
1806090 0
7352260 0
894376 0
5941985 0
1814451 0
1964613 0
5773692 0
4198512 0
2876318 0
4463916 0
3017682 0
1325871 0
1058799 0
5735098 0
2377983 0
6390394 0
4305858 0
3035818 0
6926878 0
3435153 0
5291685 0
1582439 0
3258242 0
6831879 0
7115697 0
3430754 0
5417397 0
299122 0
2639646 0
4940319 0
6795358 0
1867623 0
5653466 0
461137 0
1990932 0
4009875 0
6840437 0
2541214 0
6049531 0
6942239 0
3274984 0
4265782 0
3400188 0
2999929 0
4753863 0
3280101 0
5398579 0
1890826 0
3136740 0
1408880 0
391141 0
5894946 0
5208468 0
2879039 0
4151420 0
2855783 0
180934 0
3413883 0
13184 0
1743326 0
5878114 0
3757163 0
479145 0
3168677 0
4494046 0
1786902 0
6414308 0
47630 0
1014583 0
5979211 0
4896664 0
879713 0
5196231 0
3484095 0
6905691 0
1276625 0
3875924 0
2340985 0
2518435 0
6350639 0
7325766 0
1277797 0
3558144 0
3448327 0
137662 0
921348 0
7131070 0
272460 0
1471956 0
4039250 0
4023289 0
4964988 0
7413604 0
3549195 0
4500809 0
5762404 0
657110 0
322972 0
4439487 0
4304610 0
305399 0
149528 0
1761634 0
2265942 0
5249392 0
5766792 0
7319760 0
6710008 0
3398643 0
1693280 0
2564525 0
941042 0
1435255 0
3765458 0
3474406 0
3031428 0
5134082 0
1919048 0
1717624 0
5495525 0
4174521 0
2795015 0
7295301 0
516513 0
6541498 0
6765167 0
7082733 0
2955940 0
6122359 0
3415959 0
79332 0
1872857 0
7210123 0
6658677 0
3483436 0
6830296 0
866746 0
5780967 0
3578888 0
5101545 0
3850057 0
1454408 0
1258280 0
5114184 0
208602 0
3889639 0
1480793 0
3108761 0
1498245 0
6685566 0
7107635 0
107391 0
1129202 0
5083069 0
7295772 0
4169318 0
4517514 0
2738236 0
284658 0
807176 0
3610476 0
3089584 0
7260735 0
6414251 0
7072351 0
6377371 0
3469589 0
7088634 0
5449622 0
6295333 0
7397584 0
3815656 0
2310859 0
6410520 0
4809250 0
1629076 0
2021808 0
3666216 0
4393316 0
5316439 0
3480009 0
1151473 0
6392288 0
4405233 0
1491603 0
5246182 0
611858 0
933231 0
4207436 0
1433753 0
4975737 0
2253924 0
5367410 0
3115104 0
4771916 0
7179865 0
3469116 0
3132146 0
2870096 0
662855 0
2957539 0
2329189 0
5497274 0
5524165 0
5537376 0
3254002 0
5033892 0
3885982 0
6342520 0
5708512 0
6725420 0
5020888 0
4023711 0
6810985 0
3249737 0
2112837 0
2183101 0
5685324 0
2197397 0
2746735 0
5131980 0
3419805 0
2211479 0
278487 0
161684 0
6356259 0
1911978 0
963569 0
2973527 0
4854844 0
2091737 0
1826364 0
2237526 0
2827944 0
2362923 0
5028969 0
2423155 0
2814147 0
92255 0
2287787 0
3718157 0
3196638 0
2494674 0
6683159 0
7109951 0
748718 0
5720155 0
793142 0
1882491 0
6964009 0
4962635 0
5551035 0
2921389 0
2738702 0
3920447 0
1888016 0
2808465 0
6231126 0
848146 0
6784297 0
13284 0
2926175 0
4813763 0
1759773 0
6610640 0
931366 0
3965152 0
2845664 0
3254958 0
7109368 0
1075457 0
644608 0
77509 0
6806938 0
5727926 0
4173947 0
1457445 0
6084735 0
7131191 0
7007669 0
3214908 0
5229101 0
2197230 0
7258602 0
5433406 0
4681010 0
3868454 0
6658366 0
6729217 0
536888 0
7368412 0
4357918 0
6198524 0
496891 0
3331086 0
5388453 0
4860095 0
940028 0
2859604 0
357124 0
4497463 0
4474823 0
1002598 0
5503166 0
2454296 0
2907070 0
517062 0
7330486 0
1953720 0
6399619 0
4403272 0
5853991 0
5026468 0
927033 0
3610273 0
5844839 0
6866134 0
270502 0
3121192 0
3986554 0
6560148 0
3683773 0
4360041 0
919194 0
4158913 0
6503702 0
1508660 0
7097223 0
1368014 0
4705453 0
2893964 0
6251205 0
7376280 0
186073 0
3358661 0
6219802 0
406045 0
4807246 0
5149551 0
953615 0
3821498 0
2665897 0
5998123 0
4285853 0
2588453 0
6025344 0
703308 0
193853 0
4813193 0
6292472 0
1440322 0
4358060 0
5954153 0
4934495 0
2516364 0
5822861 0
175028 0
991886 0
4690002 0
2889900 0
5267663 0
543725 0
7441274 0
1345146 0
5929070 0
1910847 0
2995305 0
2372092 0
7079592 0
 0
