2934166 0
4715061 -1
4750618 1
3741553 -1
7129160 1
7219479 0
4140389 0
4171703 0
6930986 -1
2762812 0
165303 1
6338614 1
4665443 1
1565138 1
1291091 1
2410810 1
1437179 1
3386289 -1
829633 0
6580748 1
5725317 -1
408731 1
208121 1
1762953 1
4603396 0
773760 1
840622 0
6884749 1
5134993 1
1012555 0
4193796 0
4015599 0
3064633 -1
3690004 -1
1581434 -1
3436928 -1
5436958 1
6659788 -1
1299048 0
3242712 1
5715023 1
2735564 -1
1926224 -1
4289156 0
187740 -1
1233981 1
4318656 1
4881776 1
3779447 -1
5367154 1
5441967 -1
7385493 0
791916 0
5747998 1
6304767 -1
3408885 -1
6121793 -1
171238 1
4985550 -1
4580488 0
5608429 1
7093817 -1
2071052 1
3122146 1
3974323 1
2900469 1
4044820 0
1668357 -1
2132577 -1
6746523 1
4667719 1
7356195 -1
7275938 0
5011937 0
3564643 -1
4588898 1
2649892 1
724850 1
3435995 -1
3647176 1
1448405 0
2093025 -1
3675210 1
2307998 1
5428783 -1
603296 1
7068346 -1
6358220 1
2298758 0
2657640 0
4269482 0
1357686 -1
3152488 0
5805761 0
8604 0
7069382 0
652923 0
3752778 0
2678073 0
6509184 1
2663905 -1
1629228 0
304874 0
3187686 1
3661048 0
4458042 0
1917552 1
6935867 -1
5190067 -1
7422950 -1
1375180 1
995121 0
5575369 0
472846 -1
4049922 1
7085175 1
3992330 -1
775836 1
6497149 1
6604028 -1
506530 -1
5912773 1
6303700 0
6212664 1
4913824 -1
3980157 1
6965196 0
5983852 0
1389524 0
7383012 -1
4354385 1
2772058 1
52999 1
4953775 -1
2375354 0
621793 1
2290846 -1
4922241 1
3470493 0
4695639 0
3415154 0
967832 1
1706417 1
2359746 -1
3758517 0
6478353 0
3393872 -1
4368223 0
1433999 1
2568518 1
6569411 1
338652 1
2107104 0
1775412 1
1152078 0
860088 -1
2187088 1
1926135 0
6729872 1
2139732 0
313689 -1
603081 1
4033567 -1
3590221 1
3562228 -1
4669948 0
6320504 0
6152198 0
57380 -1
7095231 -1
2598358 0
999706 -1
4051706 1
6852120 1
2219698 1
4195104 1
344349 1
4847102 1
5771651 -1
1931338 0
4659598 1
6455988 -1
5619268 1
949761 1
3106021 -1
19731 0
602818 1
5000732 0
6144803 0
1818076 0
3325838 1
3730340 0
1908391 1
1748487 1
2657294 -1
6703638 1
1619669 1
441537 -1
4592445 -1
6767367 1
6393304 -1
3832276 1
15654 -1
6357559 1
3841004 0
392028 -1
4502821 0
3157362 0
6476652 1
4177811 0
3612986 0
3652475 1
3641080 0
3290043 0
7363300 1
3114020 1
2881963 -1
1347499 0
6805129 0
6522317 -1
7357700 0
1048450 0
388063 -1
51250 -1
6018760 0
3216421 0
1562105 1
5052446 1
6281057 0
2841059 0
3887160 -1
1392347 0
1629693 1
2400541 1
4718542 -1
7012626 1
4056340 0
2955719 0
6319886 1
975244 -1
6272430 1
4853045 0
224327 -1
6775242 1
1677802 1
3388578 1
6364333 1
191777 1
527271 0
5667291 -1
321420 0
1879653 1
6347084 1
4966036 0
3666417 -1
3639836 1
1535664 1
7030660 1
7207826 0
2778436 1
2965531 1
5043057 0
7366450 0
1647153 0
5741450 0
1636060 0
1693293 1
910981 0
3410051 1
6388759 1
5365413 0
3109318 0
7445618 0
4233226 1
6380757 0
6228631 -1
7172668 0
233012 0
1753122 0
5858288 0
1617401 1
5150157 0
4303587 -1
6794072 0
4684154 1
500165 1
6348821 1
4318762 0
7331840 0
5430294 -1
2359151 0
7327768 -1
2985554 0
808686 1
1506948 1
2584640 -1
4855511 0
7172089 -1
1741031 0
4783545 0
6669139 0
1444466 0
633774 1
2227446 0
1097811 0
7297224 1
965578 -1
3623044 0
5005805 0
2787813 0
6650280 1
3301242 0
4136927 1
36465 0
6408476 0
4201682 -1
5496140 1
5637167 0
2423500 0
1270231 1
1386296 0
5695395 0
3644647 0
6997444 0
1573398 0
6377364 -1
5729800 -1
587741 0
2341462 0
7407562 0
1607569 0
4618928 1
4734474 1
5069297 1
7170397 1
937144 1
167233 1
2526534 1
678883 1
6133783 0
644612 1
5156223 0
5936561 0
3936040 0
6112753 0
4428318 0
3831493 0
6432238 0
6204935 0
939743 1
2290550 -1
7340137 1
6402776 1
4689515 0
6330690 1
2148040 0
2328443 0
7439140 0
3782523 0
4908106 1
3428137 0
5369822 1
1392421 -1
2762825 0
2791264 0
100888 1
1533200 1
5202974 0
6108037 -1
6663333 1
5053566 0
956331 0
7083556 1
2228927 -1
3144107 0
323219 1
1265035 1
5073558 0
849587 0
1100391 0
144820 0
1725989 1
1298247 0
1242939 -1
1014682 0
2961490 1
358891 0
6534534 0
7021469 0
6917205 1
750308 0
3168332 -1
6971481 0
265234 0
6600690 0
4453800 -1
886039 -1
3453382 0
811880 -1
6551897 0
2556569 0
5972121 1
442599 0
1171757 -1
5591428 0
6224570 0
4593799 0
5949362 0
5678158 0
1362520 0
1690496 0
6695533 0
5898612 0
89730 1
5629522 0
2282922 0
4986052 0
1761851 1
2354408 1
5781362 1
4941040 1
5656749 0
2594457 0
2709434 0
4461767 -1
2529961 0
3949491 -1
5750905 0
3475365 0
4712208 0
5262246 1
7200215 0
720863 0
686443 0
1734240 0
3888393 1
3811685 1
2435874 0
4859330 0
2867026 0
5006766 0
6885508 0
4723543 0
3472589 0
750932 0
6857877 1
3092118 -1
3898765 0
6525753 0
4349156 0
170271 1
1048005 0
4179127 0
3088530 1
544005 0
2050688 -1
1749891 0
89885 1
2911488 0
3059821 0
2031971 0
3612085 0
3597242 -1
1946204 1
6087796 0
3247074 0
702296 -1
4740460 0
5917785 0
112562 0
2752389 0
6441301 -1
2269435 -1
3602047 0
2070205 0
1969088 0
2163073 0
1722757 -1
5613869 0
4913998 0
866447 0
2642133 1
1488687 0
6334390 1
5485825 1
3039723 1
4154590 0
2248261 -1
3666874 0
2296343 0
3010758 -1
2943713 1
3010501 0
5852682 0
979622 0
6773972 0
6644917 1
5848007 -1
5773563 -1
6550025 -1
4777282 0
3285820 -1
2422188 0
6422293 0
6503956 1
3420335 1
3708474 -1
5588968 0
734630 0
2344351 0
2049177 0
6241556 0
5090032 0
4877456 0
1367175 1
822852 0
6467193 1
823945 0
2457753 1
1208646 0
1076561 1
495729 0
1328357 -1
4990447 0
4407707 0
5801087 -1
5346973 1
6252356 0
3492768 -1
4884289 0
1735918 0
4344749 0
1734815 0
7250551 0
2456857 0
1208601 0
243127 0
6550024 0
1009001 0
2529040 1
6084956 0
66670 -1
2565399 1
3616613 0
5243818 0
3541943 0
139841 1
5353076 0
3193041 0
2857218 0
7302915 0
2253097 1
86951 0
259988 1
2169259 0
1168918 -1
4123410 0
680470 1
1305383 0
456308 0
4615696 1
3889129 0
2445720 1
3963216 1
6191012 -1
6377973 1
6398348 1
7345608 0
3925292 0
7205419 0
5246386 1
3506959 0
5576398 0
1282603 -1
2615128 1
205040 1
6845933 0
6317771 0
2796974 0
383076 0
5540818 0
3811121 -1
4701147 0
2513624 0
4139272 0
1162083 0
3218092 0
6960017 0
4546492 0
512734 1
3097412 0
6444579 1
5068896 0
1199839 -1
4330009 1
6290271 0
2264025 0
2134303 0
3472701 -1
6874349 -1
6354825 0
3892118 0
5230959 0
6721940 0
357172 0
556945 0
3132684 0
4424431 0
31984 -1
2551375 0
4081225 -1
2632851 0
6264447 0
246311 -1
3136758 0
5715776 0
6994805 1
5170091 0
2531919 1
3161314 0
1806090 1
7352260 -1
894376 1
5941985 1
1814451 0
1964613 -1
5773692 0
4198512 0
2876318 0
4463916 0
3017682 -1
1325871 -1
1058799 1
5735098 0
2377983 0
6390394 -1
4305858 0
3035818 0
6926878 0
3435153 0
5291685 -1
1582439 1
3258242 0
6831879 0
7115697 1
3430754 0
5417397 0
299122 0
2639646 1
4940319 0
6795358 0
1867623 1
5653466 0
461137 1
1990932 1
4009875 0
6840437 0
2541214 0
6049531 0
6942239 1
3274984 -1
4265782 1
3400188 0
2999929 -1
4753863 0
5398579 1
1890826 0
3136740 0
1408880 0
391141 -1
5894946 0
5208468 -1
2879039 0
4151420 -1
2855783 0
180934 -1
3413883 1
13184 -1
1743326 0
5878114 1
3757163 0
479145 1
3168677 1
4494046 1
1786902 1
6414308 0
47630 1
1014583 0
5979211 0
4896664 0
879713 0
5196231 1
3484095 0
6905691 0
1276625 0
3875924 1
2340985 0
2518435 0
6350639 1
7325766 1
1277797 1
3558144 1
3448327 1
137662 -1
921348 0
7131070 1
272460 0
1471956 1
4039250 1
4023289 0
4964988 0
7413604 0
3549195 0
4500809 0
5762404 0
657110 -1
322972 0
4439487 1
4304610 0
305399 0
149528 -1
1761634 1
2265942 -1
5249392 1
5766792 0
7319760 1
6710008 0
3398643 0
1693280 1
2564525 1
941042 0
1435255 0
3765458 1
3474406 0
3031428 0
5134082 0
1919048 1
1717624 1
5495525 0
4174521 1
7295301 0
516513 0
6541498 -1
6765167 0
7082733 0
2955940 1
6122359 1
3415959 0
79332 0
1872857 1
7210123 0
6658677 1
3483436 0
6830296 0
866746 0
5780967 0
3578888 1
5101545 1
3850057 0
1454408 0
1258280 0
5114184 1
208602 0
3889639 0
1480793 0
3108761 0
1498245 1
6685566 0
7107635 0
107391 0
1129202 0
5083069 0
7295772 1
4169318 1
4517514 -1
2738236 0
284658 1
807176 0
3610476 0
3089584 -1
7260735 0
6414251 1
7072351 -1
6377371 0
3469589 1
7088634 0
5449622 0
6295333 1
7397584 1
3815656 -1
2310859 0
6410520 0
4809250 0
1629076 0
2021808 -1
3666216 0
4393316 0
5316439 1
3480009 1
1151473 0
6392288 0
4405233 0
1491603 1
5246182 0
611858 0
933231 0
4207436 -1
4975737 -1
2253924 0
5367410 1
3115104 0
4771916 0
7179865 -1
3469116 0
3132146 0
2870096 0
662855 0
2957539 0
2329189 0
5497274 1
5524165 0
5537376 0
3254002 0
3885982 -1
6342520 0
5708512 0
6725420 -1
5020888 0
