2934166 -1
4715061 -1
4750618 1
3741553 -1
7129160 -1
7219479 0
4140389 -1
4171703 -1
6930986 -1
2762812 0
165303 -1
6338614 1
4665443 0
1565138 1
1291091 1
2410810 -1
1437179 -1
3386289 -1
829633 -1
6580748 -1
5725317 -1
408731 -1
208121 1
1762953 -1
4603396 1
773760 -1
840622 -1
6884749 -1
5134993 1
1012555 -1
4193796 -1
4015599 -1
3064633 1
3690004 0
1581434 -1
3436928 -1
5436958 -1
6659788 -1
1299048 -1
3242712 -1
5715023 1
2735564 -1
1926224 1
4289156 -1
187740 1
1233981 -1
4318656 1
4881776 1
3779447 -1
5367154 -1
5441967 0
7385493 -1
791916 1
5747998 0
6304767 -1
3408885 -1
6121793 1
171238 -1
4985550 1
4580488 -1
5608429 1
7093817 -1
2071052 -1
3122146 0
3974323 -1
2900469 -1
4044820 -1
1668357 1
2132577 -1
6746523 -1
4667719 -1
7356195 -1
7275938 -1
5011937 0
3564643 -1
4588898 -1
2649892 -1
724850 -1
3435995 1
3647176 0
1448405 -1
2093025 -1
3675210 1
2307998 -1
5428783 1
603296 0
7068346 -1
6358220 0
2298758 -1
2657640 1
4269482 -1
1357686 -1
3152488 -1
5805761 -1
8604 -1
7069382 -1
652923 -1
3752778 -1
2678073 1
6509184 0
2663905 -1
1629228 -1
304874 -1
3187686 -1
3661048 -1
4458042 -1
1917552 -1
6935867 -1
5190067 0
7422950 -1
1375180 1
995121 1
5575369 -1
472846 0
4049922 -1
7085175 -1
3992330 1
775836 -1
6497149 -1
6604028 -1
506530 1
5912773 1
6303700 -1
6212664 -1
4913824 -1
3980157 1
6965196 -1
5983852 0
1389524 -1
7383012 -1
4354385 1
2772058 1
52999 -1
3215975 -1
4953775 0
2375354 -1
621793 -1
2290846 -1
4922241 -1
3470493 -1
4695639 -1
3415154 -1
967832 -1
1706417 -1
2359746 0
3758517 -1
6478353 -1
3393872 -1
4368223 -1
1433999 -1
2568518 -1
6569411 -1
338652 -1
2107104 -1
1775412 -1
1152078 -1
860088 -1
2187088 -1
1926135 0
6729872 -1
2139732 -1
313689 -1
603081 -1
4033567 1
3590221 -1
3562228 1
4669948 -1
6320504 -1
6152198 -1
57380 0
7095231 -1
2598358 0
999706 -1
4051706 -1
6852120 1
2219698 1
4195104 -1
344349 -1
4847102 -1
5771651 -1
1931338 -1
4659598 -1
6455988 -1
5619268 -1
949761 -1
3106021 1
19731 1
602818 0
5000732 -1
6144803 1
1818076 1
3325838 -1
3730340 -1
1908391 -1
1748487 -1
2657294 0
6703638 -1
1619669 1
441537 -1
4592445 -1
6767367 -1
6393304 1
3832276 -1
15654 1
6357559 -1
3841004 -1
392028 1
4502821 -1
3157362 1
6476652 1
4177811 0
3612986 1
3652475 1
3641080 0
3290043 -1
7363300 -1
3114020 -1
2881963 -1
1347499 -1
6805129 -1
6522317 -1
7357700 -1
1048450 1
388063 -1
51250 -1
6018760 -1
3216421 1
1562105 -1
5052446 -1
6281057 0
2841059 -1
3887160 0
1392347 0
1629693 -1
2400541 -1
4718542 -1
7012626 1
4056340 -1
2955719 1
6319886 -1
975244 -1
6272430 -1
4853045 1
224327 -1
6775242 -1
1677802 -1
3388578 -1
6364333 -1
191777 -1
527271 -1
5667291 -1
321420 -1
1879653 -1
6347084 -1
4966036 1
3666417 -1
3639836 -1
1535664 -1
7030660 -1
7207826 -1
2778436 -1
2965531 1
5043057 -1
7366450 -1
1647153 -1
5741450 -1
1636060 -1
1693293 -1
910981 -1
3410051 0
6388759 -1
5365413 -1
3109318 0
7445618 0
4233226 1
6380757 -1
6228631 0
7172668 -1
233012 -1
1753122 -1
5858288 1
1617401 -1
5150157 1
4303587 -1
6794072 -1
4684154 -1
500165 -1
6348821 -1
4318762 0
7331840 -1
5430294 0
2359151 1
7327768 1
2985554 -1
808686 -1
1506948 -1
2584640 -1
4855511 1
7172089 0
1741031 0
4783545 0
6669139 -1
1444466 -1
633774 -1
2227446 -1
1097811 1
7297224 0
965578 -1
3623044 0
5005805 -1
2787813 -1
6650280 -1
3301242 0
4136927 -1
36465 0
6408476 -1
4201682 -1
5496140 -1
5637167 -1
2423500 -1
1270231 -1
1386296 0
5695395 0
3644647 -1
6997444 -1
1573398 0
6377364 -1
5729800 0
587741 0
2341462 -1
7407562 1
1607569 1
4618928 0
4734474 -1
5069297 -1
7170397 -1
937144 -1
167233 -1
2526534 -1
678883 -1
6133783 0
644612 -1
5156223 0
5936561 0
3936040 -1
6112753 1
4428318 -1
3831493 0
6432238 1
6204935 1
939743 -1
463138 -1
2290550 0
3740074 -1
7340137 -1
6402776 0
4689515 -1
6330690 1
2148040 -1
2328443 1
7439140 -1
3782523 0
4908106 0
3428137 -1
5369822 -1
1392421 0
2762825 0
2791264 -1
100888 0
1533200 -1
5202974 1
6108037 1
6663333 -1
5053566 1
956331 -1
7083556 -1
2228927 1
3144107 -1
323219 -1
1265035 -1
5073558 1
849587 -1
1749150 -1
1100391 0
144820 -1
1725989 0
1298247 0
1242939 0
1014682 -1
2961490 0
6534534 -1
7021469 1
6917205 0
750308 -1
3168332 0
6971481 -1
265234 -1
6600690 -1
4453800 -1
