2934166 0
4715061 -1
4750618 -1
3741553 -1
7129160 -1
7219479 0
4140389 -1
4171703 1
6930986 -1
2762812 -1
165303 0
6338614 1
4665443 -1
1565138 -1
1291091 0
2410810 0
1437179 0
3386289 -1
829633 -1
6580748 -1
5725317 0
408731 0
208121 0
1762953 -1
4603396 1
773760 0
840622 -1
6884749 -1
5134993 0
1012555 -1
4193796 1
4015599 1
3064633 -1
3690004 1
1581434 1
3436928 -1
5436958 -1
6659788 1
1299048 0
3242712 -1
5715023 1
2735564 -1
1926224 1
4289156 -1
187740 1
1233981 -1
4318656 0
4881776 -1
3779447 0
5367154 -1
5441967 1
7385493 -1
791916 0
5747998 -1
6304767 0
3408885 -1
6121793 -1
171238 -1
4985550 0
4580488 0
5608429 0
7093817 0
2071052 -1
3122146 0
3974323 0
2900469 -1
4044820 -1
1668357 -1
2132577 -1
6746523 -1
4667719 -1
7356195 -1
7275938 -1
5011937 0
3564643 0
4588898 -1
2649892 -1
724850 -1
3435995 0
3647176 1
1448405 -1
2093025 -1
3675210 -1
2307998 -1
5428783 1
603296 -1
7068346 -1
6358220 -1
2298758 0
2657640 0
4269482 -1
1357686 -1
3152488 1
5805761 1
8604 0
7069382 1
652923 -1
3752778 1
2678073 1
6509184 1
2663905 1
1629228 1
304874 0
3187686 -1
3661048 0
4458042 -1
1917552 -1
6935867 1
5190067 1
7422950 0
1375180 1
995121 -1
5575369 0
472846 0
4049922 -1
7085175 -1
3992330 1
775836 -1
6497149 0
6604028 0
