2934166 1
4715061 1
4750618 1
3741553 1
7129160 1
7219479 -1
4140389 0
4171703 1
6930986 0
2762812 -1
165303 0
6338614 1
4665443 1
1565138 1
1291091 0
2410810 -1
1437179 1
3386289 1
829633 -1
6580748 -1
5725317 0
408731 0
208121 -1
1762953 -1
4603396 1
773760 0
840622 -1
6884749 1
5134993 -1
1012555 -1
4193796 -1
4015599 -1
3064633 -1
3690004 -1
1581434 1
3436928 -1
5436958 -1
6659788 1
1299048 1
3242712 -1
5715023 1
2735564 1
1926224 -1
4289156 -1
187740 1
1233981 -1
4318656 1
4881776 0
3779447 0
5367154 -1
5441967 1
7385493 1
791916 0
5747998 -1
6304767 -1
3408885 -1
6121793 -1
171238 1
4985550 1
4580488 0
5608429 0
7093817 -1
2071052 -1
3122146 -1
3974323 -1
2900469 -1
4044820 -1
1668357 -1
2132577 1
6746523 -1
4667719 0
7356195 -1
7275938 -1
5011937 -1
3564643 -1
4588898 -1
2649892 -1
724850 -1
3435995 -1
3647176 -1
1448405 -1
2093025 -1
3675210 1
2307998 0
5428783 1
603296 1
7068346 -1
6358220 -1
2298758 -1
2657640 1
4269482 -1
1357686 -1
3152488 -1
5805761 0
8604 -1
7069382 1
652923 1
3752778 0
2678073 0
6509184 -1
2663905 -1
1629228 1
304874 -1
3187686 -1
3661048 -1
4458042 -1
1917552 1
6935867 1
5190067 -1
7422950 1
1375180 -1
995121 -1
5575369 -1
472846 -1
4049922 -1
7085175 -1
3992330 1
775836 -1
6497149 -1
6604028 -1
506530 1
5912773 -1
6303700 -1
6212664 -1
4913824 -1
3980157 -1
6965196 -1
5983852 -1
1389524 -1
7383012 -1
4354385 0
2772058 -1
52999 1
3215975 -1
4953775 -1
2375354 -1
621793 -1
2290846 -1
4922241 -1
3470493 -1
4695639 0
3415154 -1
967832 -1
1706417 -1
2359746 0
3758517 0
6478353 -1
3393872 -1
4368223 0
1433999 0
2568518 0
6569411 0
338652 1
2107104 0
1775412 0
1152078 -1
860088 -1
2187088 -1
1926135 1
6729872 -1
2139732 -1
313689 1
603081 1
4033567 1
3590221 -1
3562228 -1
4669948 -1
6320504 -1
6152198 -1
57380 -1
7095231 -1
2598358 1
999706 1
4051706 1
6852120 -1
2219698 -1
4195104 -1
344349 -1
4847102 -1
5771651 -1
1931338 1
4659598 -1
6455988 0
5619268 0
949761 0
3106021 1
19731 0
602818 -1
5000732 1
6144803 1
1818076 -1
3325838 -1
3730340 -1
1908391 -1
1748487 -1
2657294 -1
6703638 -1
1619669 1
441537 -1
4592445 0
6767367 0
6393304 -1
3832276 -1
15654 1
6357559 0
3841004 0
392028 0
4502821 0
3157362 1
6476652 -1
4177811 -1
3612986 -1
3652475 -1
3641080 -1
3290043 -1
7363300 -1
3114020 -1
2881963 -1
1347499 -1
6805129 -1
6522317 -1
