2934166 1
4715061 1
4750618 1
3741553 1
7129160 1
7219479 -1
4140389 0
4171703 1
6930986 0
2762812 -1
165303 0
6338614 1
4665443 1
1565138 1
1291091 0
2410810 -1
1437179 1
3386289 1
829633 -1
6580748 -1
5725317 0
408731 0
208121 -1
1762953 -1
4603396 1
773760 0
840622 -1
6884749 1
5134993 -1
1012555 -1
4193796 -1
4015599 -1
3064633 -1
3690004 -1
1581434 1
3436928 -1
5436958 -1
6659788 1
1299048 1
3242712 -1
5715023 1
2735564 1
1926224 -1
4289156 -1
187740 1
1233981 -1
4318656 1
4881776 0
3779447 0
5367154 -1
5441967 1
7385493 1
791916 0
5747998 -1
6304767 -1
3408885 -1
6121793 -1
171238 1
4985550 1
4580488 0
5608429 0
7093817 -1
2071052 -1
3122146 -1
3974323 -1
2900469 -1
4044820 -1
1668357 -1
2132577 1
6746523 -1
4667719 0
7356195 -1
7275938 -1
5011937 -1
3564643 -1
4588898 -1
2649892 -1
724850 -1
3435995 -1
3647176 -1
1448405 -1
2093025 -1
3675210 1
2307998 0
5428783 1
603296 1
7068346 -1
6358220 -1
2298758 -1
2657640 1
4269482 -1
1357686 -1
3152488 -1
5805761 0
8604 -1
7069382 1
652923 1
3752778 0
2678073 0
6509184 -1
2663905 -1
1629228 1
304874 -1
3187686 -1
3661048 -1
4458042 -1
1917552 1
6935867 1
5190067 -1
7422950 1
1375180 -1
995121 -1
5575369 -1
472846 -1
4049922 -1
7085175 -1
3992330 1
775836 -1
6497149 -1
6604028 -1
506530 1
5912773 -1
6303700 -1
6212664 -1
4913824 -1
3980157 -1
6965196 -1
5983852 -1
1389524 -1
7383012 -1
4354385 0
2772058 -1
52999 1
3215975 -1
4953775 -1
2375354 -1
621793 -1
2290846 -1
4922241 -1
3470493 -1
4695639 0
3415154 -1
967832 -1
1706417 -1
2359746 0
3758517 0
6478353 -1
3393872 -1
4368223 0
1433999 0
2568518 0
6569411 0
338652 1
2107104 0
1775412 0
1152078 -1
860088 -1
2187088 -1
1926135 1
6729872 -1
2139732 -1
313689 1
603081 1
4033567 1
3590221 -1
3562228 -1
4669948 -1
6320504 -1
6152198 -1
57380 -1
7095231 -1
2598358 1
999706 1
4051706 1
6852120 -1
2219698 -1
4195104 -1
344349 -1
4847102 -1
5771651 -1
1931338 1
4659598 -1
6455988 0
5619268 0
949761 0
3106021 1
19731 0
602818 -1
5000732 1
6144803 1
1818076 -1
3325838 -1
3730340 -1
1908391 -1
1748487 -1
2657294 -1
6703638 -1
1619669 1
441537 -1
4592445 0
6767367 0
6393304 -1
3832276 -1
15654 1
6357559 0
3841004 0
392028 0
4502821 0
3157362 1
6476652 -1
4177811 -1
3612986 -1
3652475 -1
3641080 -1
3290043 -1
7363300 -1
3114020 -1
2881963 -1
1347499 -1
6805129 -1
6522317 -1
7357700 -1
1048450 -1
388063 -1
51250 0
6018760 0
3216421 0
1562105 -1
5052446 1
6281057 1
2841059 -1
3887160 -1
1392347 -1
1629693 -1
2400541 -1
4718542 -1
7012626 -1
4056340 0
2955719 1
6319886 -1
975244 0
6272430 0
4853045 1
224327 -1
6775242 -1
1677802 0
3388578 0
6364333 -1
191777 -1
527271 -1
5667291 -1
321420 -1
1879653 -1
6347084 -1
4966036 -1
3666417 -1
3639836 -1
1535664 1
7030660 -1
7207826 1
2778436 -1
2965531 1
5043057 0
7366450 0
1647153 1
5741450 0
1636060 0
1693293 0
910981 0
3410051 0
6388759 0
5365413 -1
3109318 1
7445618 1
4233226 1
6380757 -1
6228631 -1
7172668 0
233012 0
1753122 0
5858288 1
1617401 -1
5150157 1
4303587 -1
6794072 -1
4684154 1
500165 -1
6348821 -1
4318762 -1
7331840 -1
5430294 -1
2359151 0
7327768 0
2985554 0
808686 -1
1506948 0
2584640 0
4855511 0
7172089 0
1741031 0
4783545 1
6669139 1
1444466 0
633774 0
2227446 0
1097811 0
7297224 0
965578 -1
3623044 -1
5005805 -1
2787813 0
6650280 -1
3301242 1
4136927 -1
36465 -1
6408476 -1
4201682 -1
5496140 0
5637167 0
2423500 0
1270231 0
1386296 -1
5695395 -1
3644647 0
6997444 0
1573398 0
6377364 0
5729800 0
587741 0
2341462 -1
7407562 0
1607569 0
4618928 0
4734474 0
5069297 0
7170397 0
937144 -1
167233 -1
2526534 -1
678883 0
6133783 0
644612 0
5156223 0
5936561 0
3936040 0
6112753 1
4428318 -1
3831493 0
6432238 1
6204935 1
939743 0
463138 0
2290550 0
3740074 0
7340137 0
6402776 -1
4689515 1
6330690 0
2148040 -1
2328443 0
7439140 0
3782523 -1
4908106 -1
3428137 0
5369822 0
1392421 0
2762825 -1
2791264 0
100888 0
1533200 0
5202974 0
6108037 0
6663333 -1
5053566 -1
956331 -1
7083556 -1
2228927 1
3144107 -1
323219 -1
1265035 -1
5073558 -1
849587 -1
1749150 -1
1100391 -1
144820 0
1725989 0
1298247 -1
1242939 -1
1014682 0
2961490 0
358891 -1
6534534 0
7021469 1
6917205 -1
750308 -1
3168332 1
6971481 -1
265234 0
6600690 0
4453800 0
886039 1
3453382 -1
811880 -1
6551897 -1
2556569 -1
5972121 -1
442599 0
1171757 0
5591428 0
6224570 -1
4593799 -1
5949362 -1
5678158 -1
1362520 -1
1690496 -1
6695533 -1
5898612 -1
89730 -1
5629522 -1
2282922 -1
4986052 -1
1761851 -1
2354408 -1
5781362 -1
4941040 0
5656749 0
2594457 0
2709434 -1
4461767 1
2529961 0
3949491 0
5750905 1
3475365 -1
4712208 -1
2927117 -1
5262246 -1
7200215 -1
720863 -1
686443 0
1734240 0
3888393 1
3811685 1
2435874 1
4859330 1
2867026 0
5006766 1
6885508 0
4723543 0
3472589 1
750932 1
6857877 0
3092118 0
3898765 0
6525753 0
4349156 0
170271 0
1048005 0
4179127 0
3088530 0
544005 0
2050688 -1
1749891 0
89885 0
2911488 0
3059821 -1
2031971 -1
3612085 -1
3597242 1
1946204 1
6087796 0
3247074 1
702296 1
4740460 1
5917785 0
112562 -1
2752389 0
6441301 0
2269435 0
3602047 1
2070205 1
1969088 0
2163073 -1
1722757 0
5613869 0
4913998 0
866447 0
2642133 1
1488687 1
6334390 1
5485825 0
3039723 -1
4154590 -1
2248261 0
3666874 0
2296343 0
3010758 -1
2943713 1
3010501 0
5852682 1
979622 0
6773972 0
6644917 0
5848007 0
820842 0
5773563 0
6550025 -1
4777282 0
3285820 -1
2422188 0
6422293 1
6503956 -1
3420335 0
5388110 -1
3708474 1
5588968 -1
734630 1
2344351 0
5286746 0
2049177 1
6241556 0
5090032 -1
4877456 -1
1367175 -1
822852 -1
6467193 0
823945 0
2457753 -1
1208646 1
1076561 0
495729 0
1328357 0
4990447 0
4407707 1
5801087 0
5346973 0
6252356 0
3492768 1
4884289 1
1735918 1
4344749 1
1734815 0
7250551 1
2456857 1
1208601 1
243127 -1
6550024 0
1009001 0
2529040 -1
6084956 1
66670 1
2565399 -1
3616613 -1
5243818 0
3541943 0
139841 0
5353076 0
3193041 0
2857218 1
7302915 0
2253097 -1
86951 0
259988 0
2169259 0
1168918 0
4123410 0
680470 0
1305383 0
456308 0
4615696 0
3889129 -1
2445720 -1
3963216 0
6191012 0
6377973 0
6398348 0
7345608 0
3925292 1
7205419 0
5246386 0
3506959 0
5576398 0
1282603 -1
2615128 -1
205040 -1
6845933 0
6317771 0
2796974 0
383076 0
5540818 0
3811121 0
4701147 1
2513624 0
4139272 -1
5306968 0
1531066 0
1162083 0
3218092 1
6960017 0
4546492 0
512734 0
3097412 0
6444579 1
5068896 0
1199839 1
4330009 -1
6290271 0
2264025 0
2134303 -1
3472701 1
6874349 1
6354825 -1
614263 0
3892118 0
5230959 0
6721940 1
357172 0
556945 0
3132684 1
4424431 0
31984 0
2551375 -1
4081225 0
2632851 0
6264447 0
246311 0
3136758 0
5715776 0
6994805 0
5170091 1
2531919 -1
3161314 0
1806090 0
7352260 0
894376 0
5941985 0
1814451 -1
1964613 -1
5773692 1
4198512 0
2876318 0
4463916 0
3017682 1
1325871 0
1058799 0
5735098 0
2377983 0
6390394 1
4305858 0
3035818 0
6926878 0
3435153 0
5291685 0
1582439 -1
3258242 -1
6831879 0
7115697 -1
3430754 0
5417397 0
299122 0
2639646 -1
4940319 0
6795358 1
1867623 0
5653466 1
461137 0
1990932 0
4009875 0
6840437 1
2541214 0
6049531 0
6942239 0
3274984 0
4265782 0
3400188 0
2999929 0
4753863 1
3280101 -1
5398579 0
1890826 0
3136740 0
1408880 0
391141 0
5894946 0
5208468 -1
2879039 0
4151420 0
2855783 0
180934 -1
3413883 0
13184 0
1743326 0
5878114 -1
3757163 -1
479145 1
3168677 0
4494046 0
1786902 0
6414308 0
47630 0
1014583 0
5979211 1
4896664 -1
879713 0
5196231 0
3484095 0
6905691 0
1276625 -1
3875924 0
2340985 0
2518435 0
6350639 0
7325766 0
1277797 0
3558144 1
3448327 0
137662 0
921348 0
7131070 0
272460 0
1471956 0
4039250 1
4023289 0
4964988 -1
7413604 0
3549195 0
4500809 -1
5762404 -1
657110 -1
322972 1
4439487 -1
4304610 1
305399 0
149528 0
1761634 0
2265942 0
5249392 0
5766792 1
7319760 0
6710008 1
3398643 -1
1693280 -1
2564525 -1
941042 0
1435255 0
3765458 0
3474406 1
3031428 0
5134082 -1
1919048 0
1717624 0
5495525 0
4174521 0
2795015 0
7295301 0
516513 0
6541498 0
6765167 1
7082733 1
2955940 0
6122359 0
3415959 0
79332 1
1872857 0
7210123 0
6658677 0
3483436 0
6830296 0
866746 1
5780967 0
3578888 0
5101545 0
3850057 0
1454408 1
1258280 0
5114184 0
208602 0
3889639 0
1480793 0
3108761 1
1498245 0
6685566 0
7107635 0
107391 0
1129202 0
5083069 0
7295772 1
4169318 -1
4517514 -1
2738236 -1
284658 0
807176 0
3610476 0
3089584 0
7260735 -1
6414251 0
7072351 -1
6377371 1
3469589 0
7088634 0
5449622 0
6295333 -1
7397584 1
3815656 -1
2310859 -1
6410520 0
4809250 0
1629076 0
2021808 0
3666216 0
4393316 -1
5316439 -1
3480009 -1
1151473 1
6392288 0
4405233 0
1491603 -1
5246182 -1
611858 0
933231 0
4207436 -1
1433753 -1
4975737 1
2253924 0
5367410 0
3115104 0
4771916 0
7179865 1
3469116 0
3132146 1
2870096 -1
662855 -1
2957539 0
2329189 -1
5497274 -1
5524165 -1
5537376 0
3254002 0
5033892 0
3885982 0
6342520 0
5708512 1
6725420 0
5020888 0
4023711 0
6810985 -1
3249737 -1
2112837 -1
2183101 1
5685324 0
2197397 0
2746735 0
5131980 0
3419805 0
2211479 -1
278487 -1
161684 0
6356259 0
1911978 1
963569 0
2973527 0
4854844 0
2091737 1
1826364 0
2237526 0
2827944 0
2362923 0
5028969 0
2423155 0
2814147 -1
92255 -1
2287787 -1
3718157 0
3196638 0
2494674 0
6683159 0
7109951 1
748718 0
