2934166 1
4715061 1
4750618 1
3741553 1
7129160 1
7219479 -1
4140389 0
4171703 1
6930986 0
2762812 -1
165303 0
6338614 1
4665443 1
1565138 1
1291091 0
2410810 -1
1437179 1
3386289 1
829633 -1
6580748 -1
5725317 0
408731 0
208121 -1
1762953 -1
4603396 1
773760 0
840622 -1
6884749 1
5134993 -1
1012555 -1
4193796 -1
4015599 -1
3064633 -1
3690004 -1
1581434 1
3436928 -1
5436958 -1
6659788 1
1299048 1
3242712 -1
5715023 1
2735564 1
1926224 -1
4289156 -1
187740 1
1233981 -1
4318656 1
4881776 0
3779447 0
5367154 -1
5441967 1
7385493 1
791916 0
5747998 -1
6304767 -1
3408885 -1
6121793 -1
171238 1
4985550 1
4580488 0
5608429 0
7093817 -1
2071052 -1
3122146 -1
3974323 -1
2900469 -1
4044820 -1
1668357 -1
2132577 1
6746523 -1
4667719 0
7356195 -1
7275938 -1
5011937 -1
3564643 -1
4588898 -1
2649892 -1
724850 -1
3435995 -1
3647176 -1
1448405 -1
2093025 -1
3675210 1
2307998 0
5428783 1
603296 1
7068346 -1
6358220 -1
2298758 -1
2657640 1
4269482 -1
1357686 -1
3152488 -1
5805761 0
8604 -1
7069382 1
652923 1
3752778 0
2678073 0
6509184 -1
2663905 -1
