2934166 0
4715061 0
4750618 1
3741553 -1
7129160 1
7219479 -1
4140389 0
4171703 -1
6930986 -1
2762812 -1
165303 1
6338614 -1
4665443 1
1565138 1
1291091 1
2410810 1
1437179 -1
3386289 0
829633 0
6580748 1
5725317 -1
408731 -1
208121 1
1762953 1
4603396 0
773760 1
840622 1
6884749 1
5134993 1
1012555 -1
4193796 -1
4015599 0
3064633 -1
3690004 -1
1581434 -1
3436928 -1
5436958 0
6659788 -1
1299048 -1
3242712 1
5715023 1
2735564 -1
1926224 -1
4289156 -1
187740 -1
1233981 1
4318656 1
4881776 1
3779447 -1
5367154 1
5441967 -1
7385493 0
791916 1
5747998 0
6304767 -1
3408885 -1
6121793 -1
171238 1
4985550 -1
4580488 0
5608429 1
7093817 0
2071052 0
3122146 1
3974323 1
2900469 1
4044820 1
1668357 -1
2132577 -1
6746523 1
4667719 1
7356195 1
7275938 0
5011937 0
3564643 -1
4588898 1
2649892 1
724850 1
3435995 -1
3647176 1
1448405 0
2093025 -1
3675210 1
2307998 1
5428783 -1
603296 1
7068346 1
6358220 1
2298758 -1
2657640 -1
4269482 0
1357686 0
3152488 1
5805761 0
8604 1
7069382 0
652923 1
3752778 0
2678073 1
6509184 1
2663905 -1
1629228 0
304874 0
3187686 1
3661048 -1
4458042 0
1917552 1
6935867 -1
5190067 1
7422950 -1
1375180 0
995121 1
5575369 0
472846 -1
4049922 1
7085175 0
3992330 -1
775836 1
6497149 1
6604028 0
506530 -1
5912773 0
6303700 0
6212664 1
4913824 -1
3980157 1
6965196 1
5983852 0
1389524 -1
7383012 1
4354385 1
2772058 1
52999 1
3215975 -1
4953775 -1
2375354 0
621793 0
