2934166 1
4715061 1
4750618 1
3741553 -1
7129160 0
7219479 0
4140389 1
4171703 0
6930986 -1
2762812 -1
165303 0
6338614 1
4665443 1
1565138 1
1291091 0
2410810 1
1437179 0
3386289 1
829633 0
6580748 1
5725317 -1
408731 0
208121 1
1762953 1
4603396 1
773760 1
840622 -1
6884749 1
5134993 1
1012555 0
4193796 -1
4015599 1
3064633 0
3690004 0
1581434 0
3436928 -1
5436958 1
6659788 1
1299048 1
3242712 0
5715023 1
2735564 0
1926224 1
4289156 1
187740 1
1233981 1
4318656 1
4881776 0
3779447 1
5367154 1
5441967 -1
7385493 1
791916 1
5747998 1
6304767 0
3408885 -1
6121793 -1
171238 0
4985550 1
4580488 1
5608429 1
7093817 1
2071052 1
3122146 1
3974323 0
2900469 1
4044820 1
1668357 0
2132577 0
6746523 0
4667719 1
7356195 1
7275938 1
5011937 1
3564643 0
4588898 1
2649892 0
724850 1
3435995 -1
3647176 0
1448405 0
2093025 -1
3675210 1
2307998 0
5428783 -1
603296 1
7068346 -1
6358220 1
2298758 1
2657640 0
4269482 1
1357686 1
3152488 1
5805761 1
8604 0
7069382 1
652923 0
3752778 -1
2678073 1
6509184 1
2663905 -1
1629228 0
304874 -1
3187686 1
3661048 0
4458042 0
1917552 1
6935867 -1
5190067 1
7422950 -1
1375180 -1
995121 -1
5575369 0
472846 -1
4049922 1
7085175 0
3992330 1
775836 0
6497149 1
6604028 1
506530 1
5912773 1
6303700 1
6212664 1
4913824 -1
3980157 0
6965196 0
5983852 0
1389524 -1
7383012 -1
4354385 1
2772058 0
52999 1
3215975 -1
4953775 0
2375354 0
621793 0
2290846 -1
4922241 1
3470493 0
