2934166 1
4715061 1
4750618 1
3741553 -1
7129160 0
7219479 0
4140389 1
4171703 0
6930986 -1
2762812 -1
165303 0
6338614 1
4665443 1
1565138 1
1291091 0
2410810 1
1437179 0
3386289 1
829633 0
6580748 1
5725317 -1
408731 0
208121 1
1762953 1
4603396 1
773760 1
840622 -1
6884749 1
5134993 1
1012555 0
4193796 -1
4015599 1
3064633 0
3690004 0
1581434 0
3436928 -1
5436958 1
6659788 1
1299048 1
3242712 0
5715023 1
2735564 0
1926224 1
4289156 1
187740 1
1233981 1
4318656 1
4881776 0
3779447 1
5367154 1
5441967 -1
7385493 1
791916 1
5747998 1
6304767 0
3408885 -1
6121793 -1
171238 0
4985550 1
4580488 1
5608429 1
7093817 1
2071052 1
3122146 1
3974323 0
2900469 1
4044820 1
1668357 0
2132577 0
6746523 0
4667719 1
7356195 1
7275938 1
5011937 1
3564643 0
4588898 1
2649892 0
724850 1
3435995 -1
3647176 0
1448405 0
2093025 -1
3675210 1
2307998 0
5428783 -1
603296 1
7068346 -1
6358220 1
2298758 1
2657640 0
4269482 1
1357686 1
3152488 1
5805761 1
8604 0
7069382 1
652923 0
3752778 -1
2678073 1
6509184 1
2663905 -1
1629228 0
304874 -1
3187686 1
3661048 0
4458042 0
1917552 1
6935867 -1
5190067 1
7422950 -1
1375180 -1
995121 -1
5575369 0
472846 -1
4049922 1
7085175 0
3992330 1
775836 0
6497149 1
6604028 1
506530 1
5912773 1
6303700 1
6212664 1
4913824 -1
3980157 0
6965196 0
5983852 0
1389524 -1
7383012 -1
4354385 1
2772058 0
52999 1
3215975 -1
4953775 0
2375354 0
621793 0
2290846 -1
4922241 1
3470493 0
4695639 1
3415154 0
967832 0
1706417 0
2359746 1
3758517 1
6478353 1
3393872 0
4368223 1
1433999 1
2568518 0
6569411 1
338652 1
2107104 1
1775412 1
1152078 0
860088 1
2187088 0
1926135 1
6729872 1
2139732 0
313689 1
603081 1
4033567 -1
3590221 1
3562228 1
4669948 0
6320504 1
6152198 0
57380 -1
7095231 0
2598358 -1
999706 -1
4051706 1
6852120 1
2219698 1
4195104 1
344349 1
4847102 1
5771651 0
1931338 0
4659598 1
6455988 1
5619268 1
949761 1
3106021 0
19731 1
602818 1
5000732 0
6144803 1
1818076 1
3325838 1
3730340 1
1908391 0
1748487 1
2657294 -1
6703638 1
1619669 0
441537 1
4592445 -1
6767367 1
6393304 -1
3832276 1
15654 1
6357559 0
3841004 1
392028 0
4502821 0
3157362 1
6476652 0
4177811 1
3612986 0
3652475 1
3641080 1
3290043 0
7363300 1
3114020 1
2881963 0
1347499 0
6805129 0
6522317 1
7357700 1
1048450 0
388063 1
51250 1
6018760 1
3216421 1
1562105 1
5052446 1
6281057 1
2841059 0
3887160 0
1392347 1
1629693 1
2400541 1
4718542 -1
7012626 1
4056340 0
2955719 1
6319886 1
975244 -1
6272430 0
4853045 1
224327 -1
6775242 0
1677802 1
3388578 0
6364333 1
191777 1
527271 0
5667291 -1
321420 1
1879653 1
6347084 1
4966036 0
3666417 0
3639836 1
1535664 1
7030660 1
7207826 0
2778436 1
2965531 0
5043057 1
7366450 0
1647153 1
5741450 1
1636060 0
1693293 1
910981 0
3410051 1
6388759 0
5365413 1
3109318 1
7445618 0
4233226 0
6380757 1
6228631 0
7172668 0
233012 0
