2934166 1
4715061 1
4750618 1
3741553 -1
7129160 0
7219479 0
4140389 1
4171703 0
6930986 -1
2762812 -1
165303 0
6338614 1
4665443 1
1565138 1
1291091 0
2410810 1
1437179 0
3386289 1
829633 0
6580748 1
5725317 -1
408731 0
208121 1
1762953 1
4603396 1
773760 1
840622 -1
6884749 1
5134993 1
1012555 0
4193796 -1
4015599 1
3064633 0
3690004 0
1581434 0
3436928 -1
5436958 1
6659788 1
1299048 1
3242712 0
5715023 1
2735564 0
1926224 1
4289156 1
187740 1
1233981 1
4318656 1
4881776 0
3779447 1
5367154 1
5441967 -1
7385493 1
791916 1
5747998 1
6304767 0
3408885 -1
6121793 -1
171238 0
4985550 1
4580488 1
5608429 1
7093817 1
2071052 1
3122146 1
3974323 0
2900469 1
4044820 1
1668357 0
2132577 0
6746523 0
4667719 1
7356195 1
7275938 1
5011937 1
3564643 0
4588898 1
2649892 0
724850 1
3435995 -1
3647176 0
