2934167 0
4715062 0
4750619 1
3741554 -1
7129161 1
7219480 -1
4140390 0
4171704 0
6930987 0
2762813 0
165304 1
6338615 0
4665444 1
1565139 0
1291092 1
2410811 1
1437180 1
3386290 0
829634 0
6580749 1
5725318 -1
408732 0
208122 1
1762954 0
4603397 0
773761 1
840623 0
6884750 1
5134994 1
1012556 0
4193797 0
4015600 0
3064634 0
3690005 -1
1581435 -1
3436929 -1
5436959 0
6659789 1
1299049 0
3242713 1
5715024 0
2735565 0
1926225 -1
4289157 0
187741 -1
1233982 1
4318657 1
4881777 1
3779448 0
5367155 1
5441968 -1
7385494 0
791917 0
5747999 0
6304768 -1
3408886 -1
6121794 -1
171239 1
4985551 -1
4580489 0
5608430 0
7093818 -1
2071053 0
3122147 0
3974324 0
2900470 0
4044821 0
1668358 -1
2132578 0
6746524 1
4667720 1
7356196 -1
7275939 0
5011938 0
3564644 -1
4588899 1
2649893 1
724851 1
3435996 -1
3647177 0
1448406 0
2093026 -1
3675211 1
2307999 1
5428784 -1
603297 1
7068347 -1
6358221 0
2298759 0
2657641 0
4269483 0
1357687 0
3152489 0
5805762 0
8605 0
7069383 0
652924 0
3752779 0
2678074 1
6509185 1
2663906 -1
1629229 0
304875 0
3187687 1
3661049 0
4458043 0
1917553 1
6935868 0
5190068 0
7422951 -1
1375181 0
995122 0
5575370 0
472847 -1
4049923 1
7085176 1
3992331 -1
775837 1
6497150 1
6604029 0
506531 -1
5912774 0
6303701 0
6212665 1
4913825 0
3980158 1
6965197 0
5983853 0
1389525 -1
7383013 -1
4354386 1
2772059 1
53000 1
3215976 -1
4953776 0
2375355 0
621794 1
2290847 -1
4922242 0
3470494 -1
4695640 0
3415155 0
967833 1
1706418 1
2359747 0
3758518 0
6478354 0
3393873 0
4368224 0
1434000 1
2568519 1
6569412 1
338653 1
2107105 0
1775413 1
1152079 0
860089 0
2187089 0
1926136 0
6729873 0
2139733 0
313690 -1
603082 1
4033568 0
3590222 1
3562229 0
4669949 0
6320505 0
6152199 0
57381 0
7095232 0
2598359 0
999707 0
4051707 1
6852121 1
2219699 0
4195105 1
344350 1
4847103 1
5771652 0
1931339 0
4659599 1
6455989 0
5619269 1
949762 1
3106022 0
19732 0
602819 1
5000733 0
6144804 1
1818077 0
3325839 1
3730341 1
1908392 1
1748488 1
2657295 1
6703639 1
1619670 1
441538 -1
4592446 -1
6767368 1
6393305 -1
3832277 1
15655 -1
6357560 1
3841005 0
392029 -1
4502822 1
3157363 0
6476653 0
4177812 0
3612987 0
3652476 0
3641081 0
3290044 0
7363301 1
3114021 1
2881964 0
1347500 -1
6805130 0
6522318 1
7357701 0
1048451 0
388064 -1
51251 -1
6018761 0
3216422 0
1562106 1
5052447 1
6281058 0
2841060 0
3887161 -1
1392348 0
1629694 1
2400542 1
4718543 -1
7012627 1
4056341 0
2955720 -1
6319887 1
975245 -1
6272431 1
4853046 1
224328 -1
6775243 1
1677803 0
3388579 0
6364334 1
191778 0
527272 0
5667292 -1
321421 0
1879654 1
6347085 1
4966037 -1
3666418 -1
3639837 1
1535665 1
7030661 1
7207827 0
2778437 1
2965532 0
5043058 0
7366451 0
1647154 0
5741451 0
1636061 0
1693294 1
910982 0
3410052 1
6388760 1
5365414 0
3109319 0
7445619 0
4233227 1
6380758 1
6228632 -1
7172669 1
233013 0
1753123 0
5858289 0
1617402 1
5150158 0
4303588 -1
6794073 0
4684155 1
500166 1
6348822 1
4318763 0
7331841 0
5430295 -1
2359152 -1
7327769 -1
2985555 -1
808687 1
1506949 1
2584641 0
4855512 0
7172090 -1
1741032 0
4783546 0
6669140 0
1444467 0
633775 1
2227447 1
1097812 0
7297225 1
965579 1
3623045 0
5005806 1
2787814 1
6650281 1
3301243 0
4136928 1
36466 0
6408477 0
4201683 -1
5496141 1
5637168 1
2423501 0
1270232 1
1386297 0
5695396 0
3644648 0
6997445 0
1573399 0
6377365 -1
5729801 -1
587742 0
2341463 0
7407563 0
1607570 0
4618929 1
4734475 1
5069298 0
7170398 1
937145 1
167234 1
2526535 1
678884 -1
6133784 0
644613 -1
5156224 0
5936562 0
3936041 0
6112754 0
4428319 0
3831494 0
6432239 0
6204936 0
939744 1
463139 1
2290551 -1
3740075 1
7340138 1
6402777 1
4689516 0
6330691 1
2148041 0
2328444 0
7439141 0
3782524 1
4908107 1
3428138 1
5369823 1
1392422 -1
2762826 0
2791265 0
100889 1
1533201 1
5202975 1
6108038 -1
6663334 1
5053567 0
956332 1
7083557 1
2228928 -1
3144108 1
323220 1
1265036 -1
5073559 1
849588 0
1749151 1
1100392 0
144821 1
1725990 1
1298248 0
1242940 -1
1014683 0
2961491 1
358892 0
6534535 0
7021470 0
6917206 1
750309 0
3168333 -1
6971482 1
265235 0
6600691 0
4453801 -1
886040 -1
3453383 0
811881 -1
6551898 0
2556570 0
5972122 0
442600 0
1171758 -1
5591429 0
6224571 -1
4593800 0
5949363 0
5678159 0
1362521 0
1690497 0
6695534 0
5898613 0
89731 1
5629523 0
2282923 0
4986053 0
1761852 1
2354409 1
5781363 1
4941041 1
5656750 0
2594458 0
2709435 0
4461768 -1
2529962 0
3949492 -1
5750906 0
3475366 -1
4712209 0
2927118 0
5262247 1
7200216 -1
720864 1
686444 0
1734241 0
3888394 1
3811686 0
2435875 0
4859331 1
2867027 0
5006767 0
6885509 0
4723544 0
3472590 0
750933 1
6857878 0
3092119 -1
3898766 0
6525754 0
4349157 0
170272 1
1048006 0
4179128 0
3088531 1
544006 0
2050689 0
1749892 0
89886 1
2911489 0
3059822 -1
2031972 0
3612086 0
3597243 -1
1946205 0
6087797 1
3247075 0
702297 -1
4740461 0
5917786 0
112563 0
2752390 0
6441302 -1
2269436 -1
3602048 -1
2070206 -1
1969089 0
2163074 0
1722758 -1
5613870 1
4913999 0
866448 0
2642134 0
1488688 0
6334391 1
5485826 1
3039724 0
4154591 0
2248262 0
3666875 0
2296344 -1
3010759 -1
2943714 1
3010502 0
5852683 0
979623 0
6773973 0
6644918 1
5848008 0
820843 0
5773564 0
6550026 -1
4777283 0
3285821 -1
2422189 0
6422294 0
6503957 1
3420336 1
5388111 0
3708475 0
5588969 -1
734631 0
2344352 0
5286747 0
2049178 1
6241557 0
5090033 0
4877457 0
1367176 1
822853 0
6467194 1
823946 0
2457754 0
1208647 0
1076562 1
495730 0
1328358 -1
4990448 0
4407708 0
5801088 0
5346974 1
6252357 -1
3492769 -1
4884290 0
1735919 0
4344750 0
1734816 -1
7250552 0
2456858 -1
1208602 -1
243128 0
6550025 0
1009002 1
2529041 1
6084957 0
66671 -1
2565400 1
3616614 0
5243819 0
3541944 0
139842 0
5353077 0
3193042 0
2857219 0
7302916 0
2253098 1
86952 0
259989 1
2169260 0
1168919 -1
4123411 0
680471 0
1305384 0
456309 0
4615697 1
3889130 1
2445721 0
3963217 1
6191013 0
6377974 0
6398349 1
7345609 0
3925293 0
7205420 0
5246387 1
3506960 0
5576399 0
1282604 -1
2615129 1
205041 1
6845934 -1
6317772 0
2796975 0
383077 0
5540819 -1
3811122 0
4701148 0
2513625 0
4139273 0
5306969 1
1531067 0
1162084 0
3218093 0
6960018 0
4546493 0
512735 1
3097413 0
6444580 0
5068897 0
1199840 0
4330010 1
6290272 1
2264026 0
2134304 0
3472702 -1
6874350 0
6354826 0
614264 -1
3892119 -1
5230960 0
6721941 0
357173 0
556946 0
3132685 0
4424432 0
31985 -1
2551376 0
4081226 0
2632852 0
6264448 0
246312 -1
3136759 1
5715777 0
6994806 0
5170092 0
2531920 0
3161315 0
1806091 1
7352261 -1
894377 0
5941986 1
1814452 0
1964614 0
5773693 0
4198513 0
2876319 1
4463917 0
3017683 -1
1325872 -1
1058800 1
5735099 -1
2377984 1
6390395 -1
4305859 0
3035819 0
6926879 0
3435154 0
5291686 0
1582440 1
3258243 1
6831880 1
7115698 0
3430755 1
5417398 0
299123 1
2639647 1
4940320 0
6795359 1
1867624 1
5653467 0
461138 1
1990933 1
4009876 1
6840438 0
2541215 0
6049532 1
6942240 0
3274985 -1
4265783 1
3400189 0
2999930 0
4753864 -1
3280102 1
5398580 0
1890827 0
3136741 0
1408881 0
391142 0
5894947 0
5208469 -1
2879040 -1
4151421 -1
2855784 0
180935 0
3413884 0
13185 -1
1743327 0
5878115 1
3757164 1
479146 1
3168678 1
4494047 1
1786903 1
6414309 0
47631 1
1014584 -1
5979212 0
4896665 0
879714 0
5196232 1
3484096 0
6905692 1
1276626 1
3875925 1
2340986 0
2518436 0
6350640 1
7325767 0
1277798 0
3558145 1
3448328 1
137663 -1
921349 0
7131071 1
272461 0
1471957 1
4039251 0
4023290 0
4964989 0
7413605 0
3549196 1
4500810 0
5762405 0
657111 0
322973 0
4439488 0
4304611 0
305400 0
149529 0
1761635 0
2265943 -1
5249393 0
5766793 0
7319761 1
6710009 1
3398644 0
1693281 1
2564526 1
941043 1
1435256 0
3765459 1
3474407 1
3031429 1
5134083 0
1919049 1
1717625 1
5495526 0
4174522 1
2795016 0
7295302 0
516514 0
6541499 -1
6765168 0
7082734 0
2955941 1
6122360 1
3415960 0
79333 0
1872858 0
7210124 0
6658678 0
3483437 0
6830297 0
866747 0
5780968 0
3578889 0
5101546 0
3850058 0
1454409 0
1258281 0
5114185 1
208603 0
3889640 0
1480794 0
3108762 0
1498246 1
6685567 0
7107636 0
107392 0
1129203 -1
5083070 -1
7295773 1
4169319 1
4517515 -1
2738237 0
284659 1
807177 0
3610477 0
3089585 -1
7260736 0
6414252 1
7072352 0
6377372 0
3469590 1
7088635 0
5449623 0
6295334 0
7397585 1
3815657 0
2310860 0
6410521 0
4809251 0
1629077 0
2021809 0
3666217 0
4393317 0
5316440 1
3480010 1
1151474 0
6392289 0
4405234 0
1491604 1
5246183 0
611859 0
933232 1
4207437 -1
1433754 1
4975738 0
2253925 0
5367411 1
3115105 1
4771917 0
7179866 -1
3469117 0
3132147 0
2870097 0
662856 0
2957540 0
2329190 -1
5497275 0
5524166 0
5537377 0
3254003 1
5033893 1
3885983 0
6342521 0
5708513 0
6725421 0
5020889 0
4023712 1
6810986 0
3249738 -1
2112838 0
2183102 0
5685325 0
2197398 0
2746736 0
5131981 -1
3419806 0
2211480 1
278488 0
161685 0
6356260 0
1911979 0
963570 1
2973528 0
4854845 1
2091738 0
1826365 0
2237527 0
2827945 -1
2362924 0
5028970 0
2423156 0
2814148 0
92256 1
2287788 0
3718158 0
3196639 -1
2494675 0
6683160 0
7109952 0
748719 0
5720156 0
793143 0
1882492 0
6964010 0
4962636 0
5551036 0
2921390 0
2738703 0
3920448 0
1888017 0
2808466 0
6231127 0
848147 0
6784298 -1
13285 0
2926176 0
4813764 -1
1759774 1
6610641 0
931367 1
3965153 0
2845665 0
3254959 -1
7109369 0
1075458 0
644609 0
77510 0
6806939 0
5727927 0
4173948 0
1457446 0
6084736 0
7131192 0
7007670 -1
3214909 -1
5229102 0
2197231 0
7258603 0
5433407 0
4681011 0
3868455 0
6658367 0
6729218 -1
536889 0
7368413 -1
4357919 0
6198525 0
496892 0
3331087 0
5388454 1
4860096 0
940029 1
2859605 1
357125 0
4497464 0
4474824 0
1002599 1
5503167 0
2454297 0
2907071 -1
517063 0
7330487 0
1953721 0
6399620 1
4403273 0
5853992 0
5026469 -1
927034 0
3610274 0
5844840 0
6866135 1
270503 0
3121193 0
3986555 0
6560149 1
3683774 0
4360042 -1
919195 0
4158914 0
6503703 0
1508661 0
7097224 0
1368015 1
4705454 0
2893965 0
6251206 0
7376281 0
186074 0
3358662 0
6219803 0
406046 1
4807247 0
5149552 1
953616 0
3821499 0
2665898 0
5998124 0
4285854 0
2588454 1
6025345 1
703309 0
193854 1
4813194 1
6292473 1
1440323 0
4358061 0
5954154 0
4934496 0
2516365 0
5822862 1
175029 0
991887 0
4690003 0
2889901 1
5267664 0
543726 0
7441275 0
1345147 0
5929071 0
1910848 0
2995306 1
2372093 -1
