2934166 0
4715061 1
4750618 -1
3741553 -1
7129160 -1
7219479 -1
4140389 -1
4171703 -1
6930986 -1
2762812 -1
165303 -1
6338614 0
4665443 -1
1565138 0
1291091 -1
2410810 -1
1437179 -1
3386289 -1
829633 -1
6580748 -1
5725317 1
408731 -1
208121 -1
1762953 -1
4603396 0
773760 -1
840622 -1
6884749 -1
5134993 -1
1012555 -1
4193796 0
4015599 -1
3064633 -1
3690004 -1
1581434 -1
3436928 -1
5436958 -1
6659788 -1
1299048 -1
3242712 -1
5715023 0
2735564 -1
1926224 -1
4289156 -1
187740 1
1233981 -1
4318656 -1
4881776 -1
3779447 -1
5367154 -1
5441967 -1
