2934166 0
4715061 -1
4750618 1
3741553 -1
7129160 1
7219479 0
4140389 0
4171703 0
6930986 -1
2762812 0
165303 1
6338614 1
4665443 1
1565138 1
1291091 1
2410810 1
1437179 1
3386289 -1
829633 0
6580748 1
5725317 -1
408731 1
208121 1
1762953 1
4603396 0
773760 1
840622 0
6884749 1
5134993 1
1012555 0
4193796 0
4015599 0
3064633 -1
3690004 -1
1581434 -1
3436928 -1
5436958 1
6659788 -1
1299048 0
3242712 1
5715023 1
2735564 -1
1926224 -1
4289156 0
187740 -1
1233981 1
4318656 1
4881776 1
3779447 -1
5367154 1
5441967 -1
7385493 0
791916 0
5747998 1
6304767 -1
3408885 -1
6121793 -1
171238 1
4985550 -1
4580488 0
5608429 1
7093817 -1
2071052 1
3122146 1
3974323 1
2900469 1
4044820 0
1668357 -1
2132577 -1
6746523 1
4667719 1
7356195 -1
7275938 0
5011937 0
3564643 -1
4588898 1
2649892 1
724850 1
3435995 -1
3647176 1
1448405 0
2093025 -1
3675210 1
2307998 1
5428783 -1
603296 1
7068346 -1
6358220 1
2298758 0
2657640 0
4269482 0
1357686 -1
3152488 0
5805761 0
8604 0
7069382 0
652923 0
3752778 0
2678073 0
6509184 1
2663905 -1
1629228 0
304874 0
3187686 1
3661048 0
4458042 0
1917552 1
6935867 -1
5190067 -1
7422950 -1
1375180 1
995121 0
5575369 0
472846 -1
4049922 1
7085175 1
3992330 -1
775836 1
6497149 1
6604028 -1
506530 -1
5912773 1
6303700 0
6212664 1
4913824 -1
3980157 1
6965196 0
5983852 0
1389524 0
7383012 -1
4354385 1
2772058 1
52999 1
4953775 -1
2375354 0
621793 1
2290846 -1
4922241 1
3470493 0
4695639 0
3415154 0
967832 1
1706417 1
2359746 -1
3758517 0
6478353 0
3393872 -1
4368223 0
1433999 1
2568518 1
6569411 1
338652 1
2107104 0
1775412 1
1152078 0
860088 -1
2187088 1
1926135 0
6729872 1
2139732 0
313689 -1
603081 1
4033567 -1
3590221 1
3562228 -1
4669948 0
6320504 0
6152198 0
57380 -1
7095231 -1
2598358 0
999706 -1
4051706 1
6852120 1
2219698 1
4195104 1
344349 1
4847102 1
5771651 -1
1931338 0
4659598 1
6455988 -1
5619268 1
949761 1
3106021 -1
19731 0
602818 1
5000732 0
6144803 0
1818076 0
3325838 1
3730340 0
1908391 1
1748487 1
2657294 -1
6703638 1
1619669 1
441537 -1
4592445 -1
6767367 1
6393304 -1
3832276 1
15654 -1
6357559 1
3841004 0
392028 -1
4502821 0
3157362 0
6476652 1
4177811 0
3612986 0
3652475 1
3641080 0
3290043 0
7363300 1
3114020 1
2881963 -1
1347499 0
6805129 0
6522317 -1
7357700 0
1048450 0
388063 -1
51250 -1
6018760 0
3216421 0
1562105 1
5052446 1
6281057 0
2841059 0
3887160 -1
1392347 0
1629693 1
2400541 1
4718542 -1
7012626 1
4056340 0
2955719 0
6319886 1
975244 -1
6272430 1
4853045 0
224327 -1
6775242 1
1677802 1
3388578 1
6364333 1
191777 1
527271 0
5667291 -1
321420 0
1879653 1
6347084 1
4966036 0
3666417 -1
3639836 1
1535664 1
7030660 1
7207826 0
2778436 1
2965531 1
5043057 0
7366450 0
1647153 0
5741450 0
1636060 0
1693293 1
910981 0
3410051 1
6388759 1
5365413 0
3109318 0
7445618 0
4233226 1
6380757 0
6228631 -1
7172668 0
233012 0
1753122 0
5858288 0
1617401 1
5150157 0
4303587 -1
6794072 0
4684154 1
500165 1
6348821 1
4318762 0
7331840 0
5430294 -1
2359151 0
7327768 -1
2985554 0
808686 1
1506948 1
2584640 -1
4855511 0
7172089 -1
1741031 0
4783545 0
6669139 0
1444466 0
633774 1
2227446 0
1097811 0
7297224 1
3623044 0
5005805 0
2787813 0
6650280 1
3301242 0
4136927 1
36465 0
6408476 0
4201682 -1
5496140 1
5637167 0
2423500 0
1270231 1
1386296 0
5695395 0
3644647 0
6997444 0
1573398 0
6377364 -1
5729800 -1
587741 0
2341462 0
7407562 0
1607569 0
4618928 1
4734474 1
5069297 1
7170397 1
937144 1
167233 1
2526534 1
678883 1
6133783 0
644612 1
5156223 0
5936561 0
3936040 0
6112753 0
4428318 0
3831493 0
6432238 0
6204935 0
939743 1
2290550 -1
7340137 1
6402776 1
4689515 0
6330690 1
2148040 0
2328443 0
7439140 0
3782523 0
4908106 1
3428137 0
5369822 1
1392421 -1
2762825 0
2791264 0
100888 1
1533200 1
5202974 0
6108037 -1
6663333 1
5053566 0
956331 0
7083556 1
2228927 -1
3144107 0
323219 1
1265035 1
5073558 0
849587 0
1100391 0
144820 0
1725989 1
1298247 0
1014682 0
2961490 1
358891 0
6534534 0
7021469 0
6917205 1
750308 0
3168332 -1
6971481 0
265234 0
6600690 0
4453800 -1
3453382 0
811880 -1
6551897 0
2556569 0
5972121 1
442599 0
1171757 -1
5591428 0
6224570 0
4593799 0
5949362 0
5678158 0
1362520 0
1690496 0
6695533 0
5898612 0
89730 1
5629522 0
4986052 0
1761851 1
2354408 1
5781362 1
2709434 0
4461767 -1
2529961 0
3949491 -1
5750905 0
3475365 0
4712208 0
5262246 1
