2934166 0
4715061 -1
4750618 -1
3741553 -1
7129160 -1
7219479 0
4140389 -1
4171703 1
6930986 -1
2762812 -1
165303 0
6338614 1
4665443 -1
1565138 -1
1291091 0
2410810 0
1437179 0
3386289 -1
829633 -1
6580748 -1
5725317 0
408731 0
208121 0
1762953 -1
4603396 1
773760 0
840622 -1
6884749 -1
5134993 0
1012555 -1
4193796 1
4015599 1
3064633 -1
3690004 1
1581434 1
3436928 -1
5436958 -1
6659788 1
1299048 0
3242712 -1
5715023 1
2735564 -1
1926224 1
4289156 -1
187740 1
1233981 -1
4318656 0
4881776 -1
3779447 0
5367154 -1
5441967 1
7385493 -1
791916 0
5747998 -1
6304767 0
3408885 -1
6121793 -1
171238 -1
4985550 0
4580488 0
5608429 0
7093817 0
2071052 -1
3122146 0
3974323 0
2900469 -1
4044820 -1
1668357 -1
2132577 -1
6746523 -1
4667719 -1
7356195 -1
7275938 -1
5011937 0
3564643 0
4588898 -1
2649892 -1
724850 -1
3435995 0
3647176 1
1448405 -1
2093025 -1
3675210 -1
2307998 -1
5428783 1
603296 -1
7068346 -1
6358220 -1
2298758 0
2657640 0
4269482 -1
1357686 -1
3152488 1
5805761 1
8604 0
7069382 1
652923 -1
3752778 1
2678073 1
6509184 1
2663905 1
1629228 1
304874 0
3187686 -1
3661048 0
4458042 -1
1917552 -1
6935867 1
5190067 1
7422950 0
1375180 1
995121 -1
5575369 0
472846 0
4049922 -1
7085175 -1
3992330 1
775836 -1
6497149 0
6604028 0
506530 1
5912773 -1
6303700 -1
6212664 -1
4913824 0
3980157 1
6965196 0
5983852 -1
1389524 1
7383012 -1
4354385 1
2772058 -1
52999 -1
3215975 -1
4953775 0
2375354 0
621793 -1
2290846 1
4922241 -1
3470493 0
4695639 0
3415154 0
967832 -1
1706417 -1
2359746 0
3758517 0
6478353 1
3393872 0
4368223 -1
1433999 -1
2568518 -1
6569411 -1
338652 -1
2107104 -1
1775412 0
1152078 0
860088 -1
2187088 0
1926135 -1
6729872 -1
2139732 -1
313689 -1
603081 -1
4033567 -1
3590221 0
3562228 1
4669948 -1
6320504 0
6152198 -1
57380 -1
7095231 -1
2598358 1
999706 -1
4051706 -1
6852120 -1
2219698 1
4195104 -1
344349 -1
4847102 -1
5771651 -1
1931338 -1
4659598 -1
6455988 0
5619268 -1
949761 -1
3106021 -1
19731 0
602818 -1
5000732 -1
6144803 1
1818076 0
3325838 -1
3730340 -1
1908391 -1
1748487 -1
2657294 0
6703638 -1
1619669 1
441537 0
4592445 0
6767367 -1
6393304 1
3832276 0
15654 0
6357559 -1
3841004 0
392028 1
4502821 -1
3157362 -1
6476652 1
4177811 -1
3612986 1
3652475 1
3641080 0
3290043 -1
7363300 -1
3114020 1
2881963 -1
1347499 0
6805129 -1
6522317 -1
7357700 0
1048450 -1
388063 0
51250 0
6018760 0
3216421 0
1562105 -1
5052446 -1
6281057 -1
2841059 0
3887160 -1
1392347 -1
1629693 -1
2400541 -1
4718542 0
7012626 0
4056340 0
2955719 0
6319886 -1
975244 0
6272430 0
4853045 -1
224327 0
6775242 -1
1677802 1
3388578 1
6364333 -1
191777 -1
527271 -1
5667291 0
321420 -1
1879653 1
6347084 -1
4966036 0
3666417 -1
3639836 -1
1535664 1
7030660 -1
7207826 0
2778436 -1
2965531 -1
5043057 -1
7366450 -1
1647153 0
5741450 0
1636060 -1
1693293 -1
910981 0
3410051 0
6388759 0
5365413 -1
3109318 0
7445618 -1
4233226 -1
6380757 0
6228631 0
7172668 -1
233012 -1
1753122 -1
5858288 0
1617401 -1
5150157 0
4303587 -1
6794072 0
4684154 -1
500165 -1
6348821 -1
4318762 1
7331840 -1
5430294 0
2359151 1
7327768 1
2985554 -1
808686 -1
1506948 -1
2584640 0
4855511 0
7172089 -1
1741031 -1
4783545 1
6669139 0
1444466 0
633774 0
2227446 0
1097811 0
7297224 -1
965578 -1
3623044 -1
5005805 -1
2787813 -1
6650280 -1
3301242 -1
4136927 -1
36465 0
6408476 -1
4201682 0
5496140 -1
5637167 -1
2423500 0
1270231 -1
1386296 0
5695395 0
3644647 0
6997444 -1
1573398 0
6377364 -1
5729800 -1
587741 0
2341462 -1
7407562 1
1607569 -1
4618928 -1
4734474 -1
5069297 -1
7170397 -1
937144 0
167233 -1
2526534 0
678883 -1
6133783 0
644612 -1
5156223 -1
5936561 0
3936040 -1
6112753 1
4428318 -1
3831493 0
6432238 -1
6204935 -1
939743 -1
463138 0
2290550 -1
3740074 -1
7340137 -1
6402776 0
4689515 1
6330690 0
2148040 -1
2328443 0
7439140 -1
3782523 -1
4908106 0
3428137 -1
5369822 -1
1392421 -1
2762825 1
2791264 -1
100888 0
1533200 -1
5202974 0
6108037 0
6663333 -1
5053566 0
956331 -1
7083556 -1
2228927 -1
3144107 -1
323219 -1
1265035 -1
5073558 0
849587 -1
1749150 0
1100391 0
144820 -1
1725989 -1
1298247 -1
1242939 -1
1014682 -1
2961490 -1
358891 0
6534534 1
7021469 0
6917205 0
750308 -1
3168332 0
6971481 -1
265234 1
6600690 -1
4453800 -1
886039 1
3453382 0
811880 -1
6551897 -1
2556569 0
5972121 -1
442599 -1
1171757 0
5591428 0
6224570 -1
4593799 -1
5949362 -1
5678158 -1
1362520 -1
1690496 -1
6695533 0
5898612 -1
89730 0
5629522 0
2282922 0
4986052 1
1761851 -1
2354408 -1
5781362 0
4941040 0
5656749 -1
2594457 -1
2709434 0
4461767 -1
2529961 -1
3949491 -1
5750905 0
3475365 0
4712208 0
2927117 0
5262246 -1
7200215 1
720863 -1
686443 -1
1734240 -1
3888393 0
3811685 0
2435874 -1
4859330 0
2867026 -1
5006766 0
6885508 -1
4723543 -1
3472589 0
750932 -1
6857877 -1
3092118 -1
3898765 0
6525753 -1
4349156 -1
170271 -1
1048005 -1
4179127 0
3088530 -1
544005 0
2050688 0
1749891 0
89885 0
2911488 0
3059821 -1
2031971 -1
3612085 -1
3597242 -1
1946204 0
6087796 0
3247074 -1
702296 -1
4740460 -1
5917785 -1
112562 -1
2752389 0
6441301 -1
2269435 0
3602047 0
2070205 -1
1969088 -1
2163073 -1
1722757 -1
5613869 -1
4913998 -1
866447 0
2642133 -1
1488687 -1
6334390 -1
5485825 -1
3039723 -1
4154590 -1
2248261 0
3666874 -1
2296343 -1
3010758 0
2943713 -1
3010501 -1
5852682 0
979622 -1
6773972 -1
6644917 -1
5848007 -1
820842 -1
5773563 1
6550025 0
4777282 -1
3285820 -1
2422188 0
6422293 -1
6503956 -1
3420335 -1
5388110 1
3708474 1
5588968 -1
734630 1
2344351 -1
5286746 -1
2049177 0
6241556 -1
5090032 -1
4877456 -1
1367175 -1
822852 -1
6467193 -1
823945 -1
2457753 -1
1208646 -1
1076561 -1
495729 0
1328357 0
4990447 0
4407707 0
5801087 -1
5346973 -1
6252356 0
3492768 0
4884289 -1
1735918 0
4344749 -1
1734815 -1
7250551 -1
2456857 0
1208601 1
243127 -1
6550024 -1
1009001 -1
2529040 -1
6084956 -1
66670 0
2565399 -1
3616613 -1
5243818 1
3541943 -1
139841 -1
5353076 -1
3193041 -1
2857218 -1
7302915 -1
2253097 -1
86951 -1
259988 -1
2169259 -1
1168918 -1
4123410 1
680470 0
1305383 -1
456308 -1
4615696 -1
3889129 -1
2445720 -1
3963216 -1
6191012 0
6377973 -1
6398348 -1
7345608 0
3925292 -1
7205419 -1
5246386 -1
3506959 -1
5576398 -1
1282603 -1
2615128 -1
205040 -1
6845933 0
6317771 0
2796974 -1
383076 -1
5540818 -1
3811121 0
4701147 1
2513624 -1
4139272 -1
5306968 -1
1531066 -1
1162083 -1
3218092 0
6960017 -1
4546492 -1
512734 -1
3097412 -1
6444579 0
5068896 -1
1199839 0
4330009 -1
6290271 -1
2264025 -1
2134303 0
3472701 0
6874349 0
6354825 -1
614263 -1
3892118 -1
5230959 -1
6721940 -1
357172 -1
556945 -1
3132684 0
4424431 0
31984 -1
2551375 -1
4081225 -1
2632851 -1
6264447 1
246311 1
3136758 -1
5715776 -1
6994805 -1
5170091 0
2531919 -1
3161314 -1
1806090 -1
7352260 -1
894376 -1
5941985 -1
1814451 -1
1964613 -1
5773692 0
4198512 0
2876318 -1
4463916 -1
3017682 0
1325871 -1
1058799 0
5735098 -1
2377983 -1
6390394 -1
4305858 -1
3035818 -1
6926878 -1
3435153 -1
5291685 -1
1582439 -1
3258242 -1
6831879 0
7115697 0
3430754 -1
5417397 -1
299122 -1
2639646 -1
4940319 0
6795358 -1
1867623 0
5653466 1
461137 -1
1990932 -1
4009875 -1
6840437 0
2541214 -1
6049531 -1
6942239 -1
3274984 0
4265782 -1
3400188 -1
2999929 0
4753863 0
3280101 0
5398579 -1
1890826 -1
3136740 -1
1408880 -1
391141 0
5894946 0
5208468 -1
2879039 0
4151420 0
2855783 -1
180934 1
3413883 0
13184 0
1743326 -1
5878114 -1
3757163 -1
479145 0
3168677 -1
4494046 -1
1786902 -1
6414308 0
47630 -1
1014583 -1
5979211 0
4896664 -1
879713 -1
5196231 -1
3484095 -1
6905691 -1
1276625 -1
3875924 -1
2340985 -1
2518435 -1
6350639 -1
7325766 -1
1277797 0
3558144 0
3448327 -1
137662 -1
921348 -1
7131070 -1
272460 -1
1471956 -1
4039250 -1
4023289 0
4964988 -1
7413604 0
3549195 -1
4500809 -1
5762404 -1
657110 -1
322972 -1
4439487 -1
4304610 0
305399 -1
149528 -1
1761634 -1
2265942 -1
5249392 0
5766792 0
7319760 -1
6710008 0
3398643 0
1693280 -1
2564525 -1
941042 -1
1435255 -1
3765458 0
3474406 1
3031428 -1
5134082 1
1919048 -1
1717624 1
5495525 -1
4174521 -1
2795015 0
7295301 -1
516513 0
6541498 1
6765167 -1
7082733 -1
2955940 -1
6122359 -1
3415959 -1
79332 1
1872857 0
7210123 -1
6658677 -1
3483436 -1
6830296 -1
866746 0
5780967 -1
3578888 -1
5101545 -1
3850057 -1
1454408 0
1258280 -1
5114184 -1
208602 -1
3889639 -1
1480793 -1
3108761 1
1498245 0
