2934166 0
4715061 -1
4750618 -1
3741553 -1
7129160 -1
7219479 0
4140389 -1
4171703 1
6930986 -1
2762812 -1
165303 0
6338614 1
4665443 -1
1565138 -1
1291091 0
2410810 0
1437179 0
3386289 -1
829633 -1
6580748 -1
5725317 0
408731 0
208121 0
1762953 -1
4603396 1
773760 0
840622 -1
6884749 -1
5134993 0
1012555 -1
4193796 1
4015599 1
3064633 -1
3690004 1
1581434 1
3436928 -1
5436958 -1
6659788 1
1299048 0
3242712 -1
5715023 1
2735564 -1
1926224 1
4289156 -1
187740 1
1233981 -1
4318656 0
4881776 -1
3779447 0
5367154 -1
5441967 1
7385493 -1
791916 0
5747998 -1
6304767 0
3408885 -1
6121793 -1
171238 -1
4985550 0
4580488 0
5608429 0
7093817 0
2071052 -1
3122146 0
3974323 0
2900469 -1
4044820 -1
1668357 -1
2132577 -1
6746523 -1
4667719 -1
7356195 -1
7275938 -1
5011937 0
3564643 0
4588898 -1
2649892 -1
724850 -1
3435995 0
3647176 1
1448405 -1
2093025 -1
3675210 -1
2307998 -1
5428783 1
603296 -1
7068346 -1
6358220 -1
2298758 0
2657640 0
4269482 -1
1357686 -1
3152488 1
5805761 1
8604 0
7069382 1
652923 -1
3752778 1
2678073 1
6509184 1
2663905 1
1629228 1
304874 0
3187686 -1
3661048 0
4458042 -1
1917552 -1
6935867 1
5190067 1
7422950 0
1375180 1
995121 -1
5575369 0
472846 0
4049922 -1
7085175 -1
3992330 1
775836 -1
6497149 0
6604028 0
506530 1
5912773 -1
6303700 -1
6212664 -1
4913824 0
3980157 1
6965196 0
5983852 -1
1389524 1
7383012 -1
4354385 1
2772058 -1
52999 -1
3215975 -1
4953775 0
2375354 0
621793 -1
2290846 1
4922241 -1
3470493 0
4695639 0
3415154 0
967832 -1
1706417 -1
2359746 0
3758517 0
6478353 1
3393872 0
4368223 -1
1433999 -1
2568518 -1
6569411 -1
338652 -1
2107104 -1
1775412 0
1152078 0
860088 -1
2187088 0
1926135 -1
6729872 -1
2139732 -1
313689 -1
603081 -1
4033567 -1
3590221 0
3562228 1
4669948 -1
6320504 0
6152198 -1
57380 -1
7095231 -1
2598358 1
999706 -1
4051706 -1
6852120 -1
2219698 1
4195104 -1
344349 -1
4847102 -1
5771651 -1
1931338 -1
4659598 -1
6455988 0
5619268 -1
949761 -1
3106021 -1
19731 0
602818 -1
5000732 -1
6144803 1
1818076 0
3325838 -1
3730340 -1
1908391 -1
1748487 -1
2657294 0
6703638 -1
1619669 1
441537 0
4592445 0
6767367 -1
6393304 1
3832276 0
15654 0
6357559 -1
3841004 0
392028 1
4502821 -1
3157362 -1
6476652 1
4177811 -1
3612986 1
3652475 1
3641080 0
3290043 -1
7363300 -1
3114020 1
2881963 -1
1347499 0
6805129 -1
6522317 -1
7357700 0
1048450 -1
388063 0
51250 0
6018760 0
3216421 0
1562105 -1
5052446 -1
6281057 -1
2841059 0
3887160 -1
1392347 -1
1629693 -1
2400541 -1
4718542 0
7012626 0
4056340 0
2955719 0
6319886 -1
975244 0
6272430 0
4853045 -1
224327 0
6775242 -1
1677802 1
3388578 1
6364333 -1
191777 -1
527271 -1
5667291 0
321420 -1
1879653 1
6347084 -1
4966036 0
3666417 -1
3639836 -1
1535664 1
7030660 -1
7207826 0
2778436 -1
2965531 -1
5043057 -1
7366450 -1
1647153 0
5741450 0
1636060 -1
1693293 -1
910981 0
3410051 0
6388759 0
5365413 -1
3109318 0
7445618 -1
4233226 -1
6380757 0
6228631 0
7172668 -1
233012 -1
1753122 -1
5858288 0
1617401 -1
5150157 0
4303587 -1
6794072 0
4684154 -1
500165 -1
6348821 -1
4318762 1
7331840 -1
5430294 0
2359151 1
7327768 1
2985554 -1
808686 -1
1506948 -1
2584640 0
4855511 0
7172089 -1
1741031 -1
4783545 1
6669139 0
1444466 0
633774 0
2227446 0
1097811 0
7297224 -1
965578 -1
3623044 -1
5005805 -1
2787813 -1
6650280 -1
3301242 -1
4136927 -1
36465 0
6408476 -1
4201682 0
5496140 -1
5637167 -1
2423500 0
1270231 -1
1386296 0
5695395 0
3644647 0
6997444 -1
1573398 0
6377364 -1
5729800 -1
587741 0
2341462 -1
7407562 1
1607569 -1
4618928 -1
4734474 -1
5069297 -1
7170397 -1
937144 0
167233 -1
2526534 0
678883 -1
6133783 0
644612 -1
5156223 -1
5936561 0
3936040 -1
6112753 1
4428318 -1
3831493 0
6432238 -1
6204935 -1
939743 -1
463138 0
2290550 -1
3740074 -1
7340137 -1
6402776 0
4689515 1
6330690 0
2148040 -1
2328443 0
7439140 -1
3782523 -1
4908106 0
3428137 -1
5369822 -1
1392421 -1
2762825 1
2791264 -1
100888 0
1533200 -1
5202974 0
6108037 0
6663333 -1
5053566 0
956331 -1
7083556 -1
2228927 -1
3144107 -1
323219 -1
1265035 -1
5073558 0
849587 -1
1749150 0
1100391 0
144820 -1
1725989 -1
1298247 -1
1242939 -1
1014682 -1
2961490 -1
358891 0
6534534 1
7021469 0
6917205 0
750308 -1
3168332 0
6971481 -1
265234 1
6600690 -1
4453800 -1
886039 1
3453382 0
811880 -1
6551897 -1
2556569 0
5972121 -1
442599 -1
1171757 0
5591428 0
6224570 -1
4593799 -1
5949362 -1
5678158 -1
1362520 -1
1690496 -1
6695533 0
5898612 -1
89730 0
5629522 0
2282922 0
4986052 1
1761851 -1
2354408 -1
5781362 0
4941040 0
5656749 -1
2594457 -1
2709434 0
4461767 -1
2529961 -1
3949491 -1
5750905 0
3475365 0
4712208 0
2927117 0
5262246 -1
7200215 1
720863 -1
686443 -1
1734240 -1
3888393 0
3811685 0
2435874 -1
4859330 0
2867026 -1
5006766 0
6885508 -1
4723543 -1
3472589 0
750932 -1
6857877 -1
3092118 -1
3898765 0
6525753 -1
4349156 -1
170271 -1
1048005 -1
4179127 0
3088530 -1
544005 0
2050688 0
1749891 0
89885 0
2911488 0
3059821 -1
2031971 -1
3612085 -1
3597242 -1
1946204 0
6087796 0
3247074 -1
702296 -1
4740460 -1
5917785 -1
112562 -1
2752389 0
6441301 -1
2269435 0
3602047 0
2070205 -1
