2934166 1
4715061 1
4750618 1
3741553 1
7129160 1
7219479 -1
4140389 0
4171703 1
6930986 0
2762812 -1
165303 0
6338614 1
4665443 1
1565138 1
1291091 0
2410810 -1
1437179 1
3386289 1
829633 -1
6580748 -1
5725317 0
408731 0
208121 -1
1762953 -1
4603396 1
773760 0
840622 -1
6884749 1
5134993 -1
1012555 -1
4193796 -1
4015599 -1
3064633 -1
3690004 -1
1581434 1
3436928 -1
5436958 -1
6659788 1
1299048 1
3242712 -1
5715023 1
2735564 1
1926224 -1
4289156 -1
187740 1
1233981 -1
4318656 1
4881776 0
3779447 0
5367154 -1
5441967 1
7385493 1
791916 0
5747998 -1
6304767 -1
3408885 -1
6121793 -1
171238 1
4985550 1
4580488 0
5608429 0
7093817 -1
