2934166 1
4715061 1
4750618 1
3741553 -1
7129160 0
7219479 0
4140389 1
4171703 0
6930986 -1
2762812 -1
165303 0
6338614 1
4665443 1
1565138 1
1291091 0
2410810 1
1437179 0
3386289 1
829633 0
6580748 1
5725317 -1
408731 0
208121 1
1762953 1
4603396 1
773760 1
840622 -1
6884749 1
5134993 1
1012555 0
4193796 -1
4015599 1
3064633 0
3690004 0
1581434 0
3436928 -1
5436958 1
6659788 1
1299048 1
3242712 0
5715023 1
2735564 0
1926224 1
4289156 1
187740 1
1233981 1
4318656 1
4881776 0
3779447 1
5367154 1
5441967 -1
7385493 1
791916 1
5747998 1
6304767 0
3408885 -1
6121793 -1
171238 0
4985550 1
4580488 1
5608429 1
7093817 1
2071052 1
3122146 1
3974323 0
2900469 1
4044820 1
1668357 0
2132577 0
6746523 0
4667719 1
7356195 1
7275938 1
5011937 1
3564643 0
4588898 1
2649892 0
724850 1
3435995 -1
3647176 0
1448405 0
2093025 -1
3675210 1
2307998 0
5428783 -1
603296 1
7068346 -1
6358220 1
2298758 1
2657640 0
4269482 1
1357686 1
3152488 1
5805761 1
8604 0
7069382 1
652923 0
3752778 -1
2678073 1
6509184 1
2663905 -1
1629228 0
304874 -1
3187686 1
3661048 0
4458042 0
1917552 1
6935867 -1
5190067 1
7422950 -1
1375180 -1
995121 -1
5575369 0
472846 -1
4049922 1
7085175 0
3992330 1
775836 0
6497149 1
6604028 1
506530 1
5912773 1
6303700 1
6212664 1
4913824 -1
3980157 0
6965196 0
5983852 0
1389524 -1
7383012 -1
4354385 1
2772058 0
52999 1
3215975 -1
4953775 0
2375354 0
621793 0
2290846 -1
4922241 1
3470493 0
4695639 1
3415154 0
967832 0
1706417 0
2359746 1
3758517 1
6478353 1
3393872 0
4368223 1
1433999 1
2568518 0
6569411 1
338652 1
2107104 1
1775412 1
1152078 0
860088 1
2187088 0
1926135 1
6729872 1
2139732 0
313689 1
603081 1
4033567 -1
3590221 1
3562228 1
4669948 0
6320504 1
6152198 0
57380 -1
7095231 0
2598358 -1
999706 -1
4051706 1
6852120 1
2219698 1
4195104 1
344349 1
4847102 1
5771651 0
1931338 0
4659598 1
6455988 1
5619268 1
949761 1
3106021 0
19731 1
602818 1
5000732 0
6144803 1
1818076 1
3325838 1
3730340 1
1908391 0
1748487 1
2657294 -1
6703638 1
1619669 0
441537 1
4592445 -1
6767367 1
6393304 -1
3832276 1
15654 1
6357559 0
3841004 1
392028 0
4502821 0
3157362 1
6476652 0
4177811 1
3612986 0
3652475 1
3641080 1
3290043 0
7363300 1
3114020 1
2881963 0
1347499 0
6805129 0
6522317 1
7357700 1
1048450 0
388063 1
51250 1
6018760 1
3216421 1
1562105 1
5052446 1
6281057 1
2841059 0
3887160 0
1392347 1
1629693 1
2400541 1
4718542 -1
7012626 1
4056340 0
2955719 1
6319886 1
975244 -1
6272430 0
4853045 1
224327 -1
6775242 0
1677802 1
3388578 0
6364333 1
191777 1
527271 0
5667291 -1
321420 1
1879653 1
6347084 1
4966036 0
3666417 0
3639836 1
1535664 1
7030660 1
7207826 0
2778436 1
2965531 0
5043057 1
7366450 0
1647153 1
5741450 1
1636060 0
1693293 1
910981 0
3410051 1
6388759 0
5365413 1
3109318 1
7445618 0
4233226 0
6380757 1
6228631 0
7172668 0
233012 0
1753122 0
5858288 1
1617401 1
5150157 1
4303587 -1
6794072 0
4684154 1
500165 1
6348821 1
4318762 1
7331840 0
5430294 -1
2359151 0
7327768 -1
2985554 1
808686 1
1506948 1
2584640 1
4855511 1
7172089 1
1741031 1
4783545 1
6669139 1
1444466 1
633774 1
2227446 1
1097811 1
7297224 1
965578 0
3623044 1
5005805 -1
2787813 1
6650280 1
3301242 0
4136927 0
36465 1
6408476 1
4201682 1
5496140 1
5637167 1
2423500 1
1270231 1
1386296 -1
5695395 0
3644647 0
6997444 0
1573398 0
6377364 -1
5729800 0
587741 1
2341462 0
7407562 1
1607569 1
4618928 1
4734474 0
5069297 0
7170397 1
937144 0
167233 1
2526534 1
678883 0
6133783 0
644612 0
5156223 0
5936561 1
3936040 0
6112753 1
4428318 0
3831493 0
6432238 1
6204935 1
939743 1
463138 1
2290550 0
3740074 0
7340137 1
6402776 1
4689515 1
6330690 1
2148040 -1
2328443 1
7439140 0
3782523 0
4908106 1
3428137 0
5369822 1
1392421 -1
2762825 -1
2791264 0
100888 1
1533200 1
5202974 1
6108037 0
6663333 1
5053566 0
956331 1
7083556 1
2228927 -1
3144107 0
323219 1
1265035 -1
5073558 0
849587 0
1749150 1
1100391 1
144820 1
1725989 1
1298247 1
1242939 1
1014682 0
2961490 1
358891 1
6534534 1
7021469 1
6917205 1
750308 0
3168332 -1
6971481 1
265234 1
6600690 1
4453800 1
886039 -1
3453382 1
811880 1
6551897 0
2556569 1
5972121 1
442599 1
1171757 0
5591428 0
6224570 1
4593799 1
5949362 1
5678158 1
1362520 0
1690496 0
6695533 0
5898612 0
89730 0
5629522 1
2282922 0
4986052 1
1761851 1
2354408 1
5781362 1
4941040 1
5656749 1
2594457 0
2709434 -1
4461767 1
2529961 0
3949491 0
5750905 1
3475365 -1
4712208 -1
2927117 -1
5262246 0
7200215 -1
720863 1
686443 0
1734240 1
3888393 1
3811685 1
2435874 1
4859330 1
2867026 1
5006766 1
6885508 1
4723543 0
3472589 1
750932 1
6857877 1
3092118 -1
3898765 1
6525753 1
4349156 1
170271 1
1048005 1
4179127 0
3088530 1
544005 0
2050688 -1
1749891 -1
89885 -1
2911488 1
3059821 -1
2031971 -1
3612085 0
3597242 0
1946204 1
6087796 1
3247074 1
702296 0
4740460 0
5917785 1
112562 -1
2752389 0
6441301 -1
2269435 -1
3602047 -1
2070205 -1
1969088 0
2163073 -1
1722757 -1
5613869 1
4913998 1
866447 0
2642133 1
1488687 0
6334390 1
5485825 1
3039723 1
4154590 1
2248261 1
3666874 0
2296343 0
3010758 -1
2943713 1
3010501 1
5852682 1
979622 1
6773972 0
6644917 1
5848007 -1
820842 0
5773563 -1
6550025 -1
4777282 0
3285820 -1
2422188 0
6422293 0
6503956 1
3420335 0
5388110 0
3708474 1
5588968 1
734630 1
2344351 0
5286746 0
2049177 0
6241556 0
5090032 0
4877456 0
1367175 1
822852 1
6467193 1
823945 0
2457753 1
1208646 1
1076561 1
495729 1
1328357 0
4990447 1
4407707 0
5801087 1
5346973 1
6252356 0
3492768 0
4884289 1
1735918 1
4344749 0
1734815 0
7250551 0
2456857 1
1208601 0
243127 0
6550024 1
1009001 1
2529040 1
6084956 0
66670 1
2565399 1
3616613 0
5243818 1
3541943 0
139841 0
5353076 0
3193041 1
2857218 1
7302915 0
2253097 1
86951 1
259988 0
2169259 1
1168918 1
4123410 1
680470 0
1305383 -1
456308 1
4615696 1
3889129 1
2445720 0
3963216 1
6191012 1
6377973 0
6398348 0
7345608 -1
3925292 -1
7205419 -1
5246386 1
3506959 0
5576398 0
1282603 1
2615128 0
205040 1
6845933 1
6317771 0
2796974 0
383076 0
5540818 0
3811121 -1
4701147 -1
2513624 0
4139272 1
5306968 1
1531066 0
1162083 0
3218092 0
6960017 -1
4546492 0
512734 1
3097412 1
6444579 1
5068896 0
1199839 1
4330009 1
6290271 1
2264025 0
2134303 -1
3472701 0
6874349 0
6354825 0
614263 1
3892118 0
5230959 0
6721940 1
357172 0
556945 0
3132684 1
4424431 1
31984 1
2551375 1
4081225 1
2632851 0
6264447 0
246311 1
3136758 1
5715776 1
6994805 0
5170091 1
2531919 1
3161314 1
1806090 1
7352260 -1
894376 0
5941985 1
1814451 0
1964613 1
5773692 0
4198512 1
2876318 1
4463916 1
3017682 1
1325871 0
1058799 1
5735098 1
2377983 1
6390394 1
4305858 0
3035818 1
6926878 0
3435153 0
5291685 0
1582439 1
3258242 0
6831879 -1
7115697 1
3430754 0
5417397 1
299122 1
2639646 1
4940319 0
6795358 1
1867623 1
5653466 0
461137 1
1990932 0
4009875 0
6840437 0
2541214 0
6049531 0
6942239 0
3274984 -1
4265782 1
3400188 0
2999929 -1
4753863 1
3280101 1
5398579 0
1890826 1
3136740 1
1408880 0
391141 0
5894946 0
5208468 -1
2879039 -1
4151420 -1
2855783 0
180934 -1
3413883 1
13184 1
1743326 0
5878114 1
3757163 1
479145 1
3168677 1
4494046 1
1786902 0
6414308 0
47630 0
1014583 0
5979211 1
4896664 1
879713 1
5196231 1
3484095 0
6905691 0
1276625 1
3875924 1
2340985 0
2518435 -1
6350639 0
7325766 0
1277797 1
3558144 1
3448327 1
137662 1
921348 0
7131070 1
