2934166 0
4715061 0
4750618 1
3741553 -1
7129160 1
7219479 -1
4140389 0
4171703 0
6930986 0
2762812 0
165303 1
6338614 0
4665443 1
1565138 0
1291091 1
2410810 1
1437179 1
3386289 0
829633 0
6580748 1
5725317 -1
408731 0
208121 1
1762953 0
4603396 0
773760 1
840622 0
6884749 1
5134993 1
1012555 0
4193796 0
4015599 0
3064633 0
3690004 -1
1581434 -1
3436928 -1
5436958 0
6659788 1
1299048 0
3242712 1
5715023 0
2735564 0
1926224 -1
4289156 0
187740 -1
1233981 1
4318656 1
4881776 1
3779447 0
5367154 1
5441967 -1
7385493 0
791916 0
5747998 0
6304767 -1
3408885 -1
6121793 -1
171238 1
4985550 -1
4580488 0
5608429 0
7093817 -1
2071052 0
3122146 0
3974323 0
2900469 0
4044820 0
1668357 -1
2132577 0
6746523 1
4667719 1
7356195 -1
7275938 0
5011937 0
3564643 -1
4588898 1
2649892 1
724850 1
3435995 -1
3647176 0
1448405 0
2093025 -1
3675210 1
2307998 1
5428783 -1
603296 1
7068346 -1
6358220 0
2298758 0
2657640 0
4269482 0
1357686 0
3152488 0
5805761 0
8604 0
7069382 0
652923 0
3752778 0
2678073 1
6509184 1
2663905 -1
1629228 0
304874 0
3187686 1
3661048 0
4458042 0
1917552 1
6935867 0
5190067 0
7422950 -1
1375180 0
995121 0
5575369 0
472846 -1
4049922 1
7085175 1
3992330 -1
775836 1
6497149 1
6604028 0
506530 -1
5912773 0
6303700 0
6212664 1
4913824 0
3980157 1
6965196 0
5983852 0
1389524 -1
7383012 -1
4354385 1
2772058 1
52999 1
3215975 -1
4953775 0
2375354 0
621793 1
2290846 -1
4922241 0
3470493 -1
4695639 0
3415154 0
967832 1
1706417 1
2359746 0
3758517 0
6478353 0
3393872 0
4368223 0
1433999 1
2568518 1
6569411 1
338652 1
2107104 0
1775412 1
1152078 0
860088 0
2187088 0
1926135 0
6729872 0
2139732 0
313689 -1
603081 1
4033567 0
3590221 1
3562228 0
4669948 0
6320504 0
6152198 0
57380 0
7095231 0
2598358 0
999706 0
4051706 1
6852120 1
2219698 0
4195104 1
344349 1
4847102 1
5771651 0
1931338 0
4659598 1
6455988 0
5619268 1
949761 1
3106021 0
19731 0
602818 1
5000732 0
6144803 1
1818076 0
3325838 1
3730340 1
1908391 1
1748487 1
2657294 1
6703638 1
1619669 1
4592445 -1
6767367 1
3841004 0
392028 -1
6476652 0
4177811 0
3652475 0
3290043 0
7363300 1
3114020 1
2881963 0
1347499 -1
6805129 0
6522317 1
7357700 0
1048450 0
388063 -1
51250 -1
6018760 0
3216421 0
1562105 1
5052446 1
3887160 -1
1629693 1
2400541 1
6319886 1
224327 -1
1677802 0
3388578 0
6364333 1
191777 0
5667291 -1
6347084 1
4966036 -1
3666417 -1
3639836 1
1535664 1
7030660 1
7366450 0
1647153 0
1693293 1
