2934166 0
4715061 0
4750618 1
3741553 -1
7129160 1
7219479 -1
4140389 0
4171703 0
6930986 0
2762812 0
165303 1
6338614 0
4665443 1
1565138 0
1291091 1
2410810 1
1437179 1
3386289 0
829633 0
6580748 1
5725317 -1
408731 0
208121 1
1762953 0
4603396 0
773760 1
840622 0
6884749 1
5134993 1
1012555 0
4193796 0
4015599 0
3064633 0
3690004 -1
1581434 -1
3436928 -1
5436958 0
6659788 1
1299048 0
3242712 1
5715023 0
2735564 0
1926224 -1
4289156 0
187740 -1
1233981 1
4318656 1
4881776 1
3779447 0
5367154 1
5441967 -1
7385493 0
791916 0
5747998 0
6304767 -1
3408885 -1
6121793 -1
171238 1
4985550 -1
4580488 0
5608429 0
7093817 -1
2071052 0
3122146 0
3974323 0
2900469 0
4044820 0
1668357 -1
2132577 0
6746523 1
4667719 1
7356195 -1
7275938 0
5011937 0
3564643 -1
4588898 1
2649892 1
724850 1
3435995 -1
3647176 0
1448405 0
2093025 -1
3675210 1
2307998 1
5428783 -1
603296 1
7068346 -1
6358220 0
2298758 0
2657640 0
4269482 0
1357686 0
3152488 0
5805761 0
8604 0
7069382 0
652923 0
3752778 0
2678073 1
6509184 1
2663905 -1
1629228 0
304874 0
3187686 1
3661048 0
4458042 0
1917552 1
6935867 0
5190067 0
7422950 -1
1375180 0
995121 0
5575369 0
472846 -1
4049922 1
7085175 1
3992330 -1
775836 1
6497149 1
6604028 0
506530 -1
5912773 0
6303700 0
6212664 1
4913824 0
3980157 1
6965196 0
5983852 0
1389524 -1
7383012 -1
4354385 1
2772058 1
52999 1
3215975 -1
4953775 0
2375354 0
621793 1
2290846 -1
4922241 0
3470493 -1
4695639 0
3415154 0
967832 1
1706417 1
2359746 0
3758517 0
6478353 0
3393872 0
4368223 0
1433999 1
2568518 1
6569411 1
338652 1
2107104 0
1775412 1
1152078 0
860088 0
2187088 0
1926135 0
6729872 0
2139732 0
313689 -1
603081 1
4033567 0
3590221 1
3562228 0
4669948 0
6320504 0
6152198 0
57380 0
7095231 0
2598358 0
999706 0
4051706 1
6852120 1
2219698 0
4195104 1
344349 1
4847102 1
5771651 0
1931338 0
4659598 1
6455988 0
5619268 1
949761 1
3106021 0
19731 0
602818 1
5000732 0
6144803 1
1818076 0
3325838 1
3730340 1
1908391 1
1748487 1
2657294 1
6703638 1
1619669 1
441537 -1
4592445 -1
6767367 1
6393304 -1
3832276 1
15654 -1
6357559 1
3841004 0
392028 -1
4502821 1
3157362 0
6476652 0
4177811 0
3612986 0
3652475 0
3641080 0
3290043 0
7363300 1
3114020 1
2881963 0
1347499 -1
6805129 0
6522317 1
7357700 0
1048450 0
388063 -1
51250 -1
6018760 0
3216421 0
1562105 1
5052446 1
6281057 0
2841059 0
3887160 -1
1392347 0
1629693 1
2400541 1
4718542 -1
7012626 1
4056340 0
2955719 -1
6319886 1
975244 -1
6272430 1
4853045 1
224327 -1
6775242 1
1677802 0
3388578 0
6364333 1
191777 0
527271 0
5667291 -1
1879653 1
6347084 1
4966036 -1
3666417 -1
3639836 1
1535664 1
7030660 1
2965531 0
5043057 0
7366450 0
1647153 0
1636060 0
1693293 1
910981 0
5365413 0
4233226 1
6380757 1
7172668 1
1753122 0
5858288 0
1617401 1
6794072 0
4684154 1
6348821 1
5430294 -1
2359151 -1
808686 1
1506948 1
4855511 0
7172089 -1
2227446 1
3623044 0
2787813 1
6650280 1
4136927 1
36465 0
6408476 0
4201682 -1
5496140 1
5637167 1
1270231 1
3644647 0
6997444 0
1573398 0
6377364 -1
5729800 -1
587741 0
1607569 0
5069297 0
7170397 1
937144 1
167233 1
2526534 1
678883 -1
644612 -1
3936040 0
6112753 0
4428318 0
3831493 0
6204935 0
939743 1
2290550 -1
3740074 1
7340137 1
6330690 1
3782523 1
4908106 1
3428137 1
5369822 1
1392421 -1
2762825 0
1533200 1
6108037 -1
6663333 1
956331 1
7083556 1
3144107 1
323219 1
5073558 1
849587 0
1749150 1
1100391 0
144820 1
1298247 0
7021469 0
750308 0
6971481 1
265234 0
6600690 0
4453800 -1
886039 -1
811880 -1
6551897 0
5972121 0
4593799 0
5949362 0
5678158 0
1690496 0
89730 1
2282922 0
4986052 0
1761851 1
2354408 1
5781362 1
4941040 1
5656749 0
4461767 -1
2529961 0
3949491 -1
4712208 0
5262246 1
7200215 -1
720863 1
686443 0
1734240 0
3811685 0
2867026 0
6885508 0
4723543 0
6857877 0
3092118 -1
6525753 0
4349156 0
4179127 0
3088530 1
544005 0
2050688 0
1749891 0
89885 1
3597242 -1
1946204 0
6087796 1
3247074 0
702296 -1
4740460 0
5917785 0
112562 0
2752389 0
6441301 -1
2269435 -1
3602047 -1
2070205 -1
1969088 0
2163073 0
1722757 -1
5613869 1
4913998 0
866447 0
2642133 0
1488687 0
6334390 1
5485825 1
3039723 0
4154590 0
2248261 0
3666874 0
2296343 -1
2943713 1
3010501 0
5852682 0
979622 0
6773972 0
5848007 0
820842 0
5773563 0
6550025 -1
3285820 -1
2422188 0
6422293 0
6503956 1
3420335 1
5388110 0
3708474 0
5588968 -1
2344351 0
5286746 0
2049177 1
