2934166 0
4715061 0
4750618 1
3741553 -1
7129160 1
7219479 -1
4140389 0
4171703 0
6930986 0
2762812 0
165303 1
6338614 0
4665443 1
1565138 0
1291091 1
2410810 1
1437179 1
3386289 0
829633 0
6580748 1
5725317 -1
408731 0
208121 1
1762953 0
4603396 0
773760 1
840622 0
6884749 1
5134993 1
1012555 0
4193796 0
4015599 0
3064633 0
3690004 -1
1581434 -1
3436928 -1
5436958 0
6659788 1
1299048 0
3242712 1
5715023 0
2735564 0
1926224 -1
4289156 0
187740 -1
1233981 1
4318656 1
4881776 1
3779447 0
5367154 1
5441967 -1
7385493 0
791916 0
5747998 0
6304767 -1
3408885 -1
6121793 -1
171238 1
4985550 -1
4580488 0
5608429 0
7093817 -1
2071052 0
3122146 0
3974323 0
2900469 0
4044820 0
1668357 -1
2132577 0
6746523 1
4667719 1
7356195 -1
7275938 0
5011937 0
3564643 -1
4588898 1
2649892 1
